; FBX 7.7.0 project file
; ----------------------------------------------------

FBXHeaderExtension:  {
	FBXHeaderVersion: 1004
	FBXVersion: 7700
	CreationTimeStamp:  {
		Version: 1000
		Year: 2023
		Month: 4
		Day: 8
		Hour: 2
		Minute: 49
		Second: 59
		Millisecond: 410
	}
	Creator: "FBX SDK/FBX Plugins version 2020.2"
	OtherFlags:  {
		TCDefinition: 127
	}
	SceneInfo: "SceneInfo::GlobalInfo", "UserData" {
		Type: "UserData"
		Version: 100
		MetaData:  {
			Version: 100
			Title: ""
			Subject: ""
			Author: ""
			Keywords: ""
			Revision: ""
			Comment: ""
		}
		Properties70:  {
			P: "DocumentUrl", "KString", "Url", "", "C:\Users\patri\Documents\work-folder\game-dev\Unity\uppercut-city\Assets\Characters\Common\BoxerAnimations\block-successful.fbx"
			P: "SrcDocumentUrl", "KString", "Url", "", "C:\Users\patri\Documents\work-folder\game-dev\Unity\uppercut-city\Assets\Characters\Common\BoxerAnimations\block-successful.fbx"
			P: "Original", "Compound", "", ""
			P: "Original|ApplicationVendor", "KString", "", "", ""
			P: "Original|ApplicationName", "KString", "", "", ""
			P: "Original|ApplicationVersion", "KString", "", "", ""
			P: "Original|DateTime_GMT", "DateTime", "", "", ""
			P: "Original|FileName", "KString", "", "", ""
			P: "LastSaved", "Compound", "", ""
			P: "LastSaved|ApplicationVendor", "KString", "", "", ""
			P: "LastSaved|ApplicationName", "KString", "", "", ""
			P: "LastSaved|ApplicationVersion", "KString", "", "", ""
			P: "LastSaved|DateTime_GMT", "DateTime", "", "", ""
		}
	}
}
GlobalSettings:  {
	Version: 1000
	Properties70:  {
		P: "UpAxis", "int", "Integer", "",1
		P: "UpAxisSign", "int", "Integer", "",1
		P: "FrontAxis", "int", "Integer", "",2
		P: "FrontAxisSign", "int", "Integer", "",1
		P: "CoordAxis", "int", "Integer", "",0
		P: "CoordAxisSign", "int", "Integer", "",1
		P: "OriginalUpAxis", "int", "Integer", "",-1
		P: "OriginalUpAxisSign", "int", "Integer", "",1
		P: "UnitScaleFactor", "double", "Number", "",1
		P: "OriginalUnitScaleFactor", "double", "Number", "",1
		P: "AmbientColor", "ColorRGB", "Color", "",0,0,0
		P: "DefaultCamera", "KString", "", "", "Producer Perspective"
		P: "TimeMode", "enum", "", "",6
		P: "TimeProtocol", "enum", "", "",2
		P: "SnapOnFrameMode", "enum", "", "",0
		P: "TimeSpanStart", "KTime", "Time", "",0
		P: "TimeSpanStop", "KTime", "Time", "",46186158000
		P: "CustomFrameRate", "double", "Number", "",-1
		P: "TimeMarker", "Compound", "", ""
		P: "CurrentTimeMarker", "int", "Integer", "",-1
	}
}

; Documents Description
;------------------------------------------------------------------

Documents:  {
	Count: 1
	Document: 1680310593696, "myScene", "Scene" {
		Properties70:  {
			P: "SourceObject", "object", "", ""
			P: "ActiveAnimStackName", "KString", "", "", ""
		}
		RootNode: 0
	}
}

; Document References
;------------------------------------------------------------------

References:  {
}

; Object definitions
;------------------------------------------------------------------

Definitions:  {
	Version: 100
	Count: 354
	ObjectType: "GlobalSettings" {
		Count: 1
	}
	ObjectType: "NodeAttribute" {
		Count: 25
		PropertyTemplate: "FbxNull" {
			Properties70:  {
				P: "Color", "ColorRGB", "Color", "",0.8,0.8,0.8
				P: "Size", "double", "Number", "",100
				P: "Look", "enum", "", "",1
			}
		}
	}
	ObjectType: "Model" {
		Count: 25
		PropertyTemplate: "FbxNode" {
			Properties70:  {
				P: "QuaternionInterpolate", "enum", "", "",0
				P: "RotationOffset", "Vector3D", "Vector", "",0,0,0
				P: "RotationPivot", "Vector3D", "Vector", "",0,0,0
				P: "ScalingOffset", "Vector3D", "Vector", "",0,0,0
				P: "ScalingPivot", "Vector3D", "Vector", "",0,0,0
				P: "TranslationActive", "bool", "", "",0
				P: "TranslationMin", "Vector3D", "Vector", "",0,0,0
				P: "TranslationMax", "Vector3D", "Vector", "",0,0,0
				P: "TranslationMinX", "bool", "", "",0
				P: "TranslationMinY", "bool", "", "",0
				P: "TranslationMinZ", "bool", "", "",0
				P: "TranslationMaxX", "bool", "", "",0
				P: "TranslationMaxY", "bool", "", "",0
				P: "TranslationMaxZ", "bool", "", "",0
				P: "RotationOrder", "enum", "", "",0
				P: "RotationSpaceForLimitOnly", "bool", "", "",0
				P: "RotationStiffnessX", "double", "Number", "",0
				P: "RotationStiffnessY", "double", "Number", "",0
				P: "RotationStiffnessZ", "double", "Number", "",0
				P: "AxisLen", "double", "Number", "",10
				P: "PreRotation", "Vector3D", "Vector", "",0,0,0
				P: "PostRotation", "Vector3D", "Vector", "",0,0,0
				P: "RotationActive", "bool", "", "",0
				P: "RotationMin", "Vector3D", "Vector", "",0,0,0
				P: "RotationMax", "Vector3D", "Vector", "",0,0,0
				P: "RotationMinX", "bool", "", "",0
				P: "RotationMinY", "bool", "", "",0
				P: "RotationMinZ", "bool", "", "",0
				P: "RotationMaxX", "bool", "", "",0
				P: "RotationMaxY", "bool", "", "",0
				P: "RotationMaxZ", "bool", "", "",0
				P: "InheritType", "enum", "", "",0
				P: "ScalingActive", "bool", "", "",0
				P: "ScalingMin", "Vector3D", "Vector", "",0,0,0
				P: "ScalingMax", "Vector3D", "Vector", "",1,1,1
				P: "ScalingMinX", "bool", "", "",0
				P: "ScalingMinY", "bool", "", "",0
				P: "ScalingMinZ", "bool", "", "",0
				P: "ScalingMaxX", "bool", "", "",0
				P: "ScalingMaxY", "bool", "", "",0
				P: "ScalingMaxZ", "bool", "", "",0
				P: "GeometricTranslation", "Vector3D", "Vector", "",0,0,0
				P: "GeometricRotation", "Vector3D", "Vector", "",0,0,0
				P: "GeometricScaling", "Vector3D", "Vector", "",1,1,1
				P: "MinDampRangeX", "double", "Number", "",0
				P: "MinDampRangeY", "double", "Number", "",0
				P: "MinDampRangeZ", "double", "Number", "",0
				P: "MaxDampRangeX", "double", "Number", "",0
				P: "MaxDampRangeY", "double", "Number", "",0
				P: "MaxDampRangeZ", "double", "Number", "",0
				P: "MinDampStrengthX", "double", "Number", "",0
				P: "MinDampStrengthY", "double", "Number", "",0
				P: "MinDampStrengthZ", "double", "Number", "",0
				P: "MaxDampStrengthX", "double", "Number", "",0
				P: "MaxDampStrengthY", "double", "Number", "",0
				P: "MaxDampStrengthZ", "double", "Number", "",0
				P: "PreferedAngleX", "double", "Number", "",0
				P: "PreferedAngleY", "double", "Number", "",0
				P: "PreferedAngleZ", "double", "Number", "",0
				P: "LookAtProperty", "object", "", ""
				P: "UpVectorProperty", "object", "", ""
				P: "Show", "bool", "", "",1
				P: "NegativePercentShapeSupport", "bool", "", "",1
				P: "DefaultAttributeIndex", "int", "Integer", "",-1
				P: "Freeze", "bool", "", "",0
				P: "LODBox", "bool", "", "",0
				P: "Lcl Translation", "Lcl Translation", "", "A",0,0,0
				P: "Lcl Rotation", "Lcl Rotation", "", "A",0,0,0
				P: "Lcl Scaling", "Lcl Scaling", "", "A",1,1,1
				P: "Visibility", "Visibility", "", "A",1
				P: "Visibility Inheritance", "Visibility Inheritance", "", "",1
			}
		}
	}
	ObjectType: "Pose" {
		Count: 1
	}
	ObjectType: "AnimationStack" {
		Count: 1
		PropertyTemplate: "FbxAnimStack" {
			Properties70:  {
				P: "Description", "KString", "", "", ""
				P: "LocalStart", "KTime", "Time", "",0
				P: "LocalStop", "KTime", "Time", "",0
				P: "ReferenceStart", "KTime", "Time", "",0
				P: "ReferenceStop", "KTime", "Time", "",0
			}
		}
	}
	ObjectType: "AnimationLayer" {
		Count: 1
		PropertyTemplate: "FbxAnimLayer" {
			Properties70:  {
				P: "Weight", "Number", "", "A",100
				P: "Mute", "bool", "", "",0
				P: "Solo", "bool", "", "",0
				P: "Lock", "bool", "", "",0
				P: "Color", "ColorRGB", "Color", "",0.8,0.8,0.8
				P: "BlendMode", "enum", "", "",0
				P: "RotationAccumulationMode", "enum", "", "",0
				P: "ScaleAccumulationMode", "enum", "", "",0
				P: "BlendModeBypass", "ULongLong", "", "",0
			}
		}
	}
	ObjectType: "AnimationCurveNode" {
		Count: 75
		PropertyTemplate: "FbxAnimCurveNode" {
			Properties70:  {
				P: "d", "Compound", "", ""
			}
		}
	}
	ObjectType: "AnimationCurve" {
		Count: 225
	}
}

; Object properties
;------------------------------------------------------------------

Objects:  {
	NodeAttribute: 1680223142976, "NodeAttribute::", "Null" {
		TypeFlags: "Null"
	}
	NodeAttribute: 1675841982816, "NodeAttribute::spine", "LimbNode" {
		Properties70:  {
			P: "Size", "double", "Number", "",3.28587698936462
		}
		TypeFlags: "Skeleton"
	}
	NodeAttribute: 1675841988000, "NodeAttribute::spine.001", "LimbNode" {
		Properties70:  {
			P: "Size", "double", "Number", "",2.95710468292236
		}
		TypeFlags: "Skeleton"
	}
	NodeAttribute: 1675841978592, "NodeAttribute::spine.002", "LimbNode" {
		Properties70:  {
			P: "Size", "double", "Number", "",2.50252175331116
		}
		TypeFlags: "Skeleton"
	}
	NodeAttribute: 1675841984928, "NodeAttribute::spine.003", "LimbNode" {
		Properties70:  {
			P: "Size", "double", "Number", "",3.05492115020752
		}
		TypeFlags: "Skeleton"
	}
	NodeAttribute: 1675841980896, "NodeAttribute::spine.004", "LimbNode" {
		Properties70:  {
			P: "Size", "double", "Number", "",5.68054151535034
		}
		TypeFlags: "Skeleton"
	}
	NodeAttribute: 1675841981088, "NodeAttribute::spine.005", "LimbNode" {
		Properties70:  {
			P: "Size", "double", "Number", "",6.89283752441406
		}
		TypeFlags: "Skeleton"
	}
	NodeAttribute: 1675841986272, "NodeAttribute::shoulder.L", "LimbNode" {
		Properties70:  {
			P: "Size", "double", "Number", "",3.00270175933838
		}
		TypeFlags: "Skeleton"
	}
	NodeAttribute: 1675841987808, "NodeAttribute::upper_arm.L", "LimbNode" {
		Properties70:  {
			P: "Size", "double", "Number", "",2.34677624702454
		}
		TypeFlags: "Skeleton"
	}
	NodeAttribute: 1675841985120, "NodeAttribute::forearm.L", "LimbNode" {
		Properties70:  {
			P: "Size", "double", "Number", "",3.18843913078308
		}
		TypeFlags: "Skeleton"
	}
	NodeAttribute: 1675841983584, "NodeAttribute::hand.L", "LimbNode" {
		Properties70:  {
			P: "Size", "double", "Number", "",5.47286701202393
		}
		TypeFlags: "Skeleton"
	}
	NodeAttribute: 1675841985312, "NodeAttribute::shoulder.R", "LimbNode" {
		Properties70:  {
			P: "Size", "double", "Number", "",3.00359797477722
		}
		TypeFlags: "Skeleton"
	}
	NodeAttribute: 1675841980128, "NodeAttribute::upper_arm.R", "LimbNode" {
		Properties70:  {
			P: "Size", "double", "Number", "",2.34828996658325
		}
		TypeFlags: "Skeleton"
	}
	NodeAttribute: 1675841983968, "NodeAttribute::forearm.R", "LimbNode" {
		Properties70:  {
			P: "Size", "double", "Number", "",3.13255071640015
		}
		TypeFlags: "Skeleton"
	}
	NodeAttribute: 1675841985696, "NodeAttribute::hand.R", "LimbNode" {
		Properties70:  {
			P: "Size", "double", "Number", "",5.54159164428711
		}
		TypeFlags: "Skeleton"
	}
	NodeAttribute: 1675841985888, "NodeAttribute::pelvis.L", "LimbNode" {
		Properties70:  {
			P: "Size", "double", "Number", "",3.16468071937561
		}
		TypeFlags: "Skeleton"
	}
	NodeAttribute: 1675841986464, "NodeAttribute::pelvis.R", "LimbNode" {
		Properties70:  {
			P: "Size", "double", "Number", "",3.1727466583252
		}
		TypeFlags: "Skeleton"
	}
	NodeAttribute: 1675841977440, "NodeAttribute::thigh.L", "LimbNode" {
		Properties70:  {
			P: "Size", "double", "Number", "",2.33007216453552
		}
		TypeFlags: "Skeleton"
	}
	NodeAttribute: 1675841980320, "NodeAttribute::shin.L", "LimbNode" {
		Properties70:  {
			P: "Size", "double", "Number", "",2.86792755126953
		}
		TypeFlags: "Skeleton"
	}
	NodeAttribute: 1675841980512, "NodeAttribute::foot.L", "LimbNode" {
		Properties70:  {
			P: "Size", "double", "Number", "",3.22272825241089
		}
		TypeFlags: "Skeleton"
	}
	NodeAttribute: 1675841986848, "NodeAttribute::toe.L", "LimbNode" {
		Properties70:  {
			P: "Size", "double", "Number", "",2.65555262565613
		}
		TypeFlags: "Skeleton"
	}
	NodeAttribute: 1675841988192, "NodeAttribute::thigh.R", "LimbNode" {
		Properties70:  {
			P: "Size", "double", "Number", "",2.33012890815735
		}
		TypeFlags: "Skeleton"
	}
	NodeAttribute: 1675841981280, "NodeAttribute::shin.R", "LimbNode" {
		Properties70:  {
			P: "Size", "double", "Number", "",2.86725783348083
		}
		TypeFlags: "Skeleton"
	}
	NodeAttribute: 1675841976096, "NodeAttribute::foot.R", "LimbNode" {
		Properties70:  {
			P: "Size", "double", "Number", "",3.22272825241089
		}
		TypeFlags: "Skeleton"
	}
	NodeAttribute: 1675841981472, "NodeAttribute::toe.R", "LimbNode" {
		Properties70:  {
			P: "Size", "double", "Number", "",2.65555262565613
		}
		TypeFlags: "Skeleton"
	}
	Model: 1681239561616, "Model::metarig", "Null" {
		Version: 232
		Properties70:  {
			P: "PreRotation", "Vector3D", "Vector", "",-0,-90,0
			P: "RotationActive", "bool", "", "",1
			P: "InheritType", "enum", "", "",1
			P: "ScalingMax", "Vector3D", "Vector", "",0,0,0
			P: "DefaultAttributeIndex", "int", "Integer", "",0
			P: "Lcl Rotation", "Lcl Rotation", "", "A+",-89.9999923706055,89.9999847412109,0
			P: "Lcl Scaling", "Lcl Scaling", "", "A+",100,100,100
		}
		Shading: Y
		Culling: "CullingOff"
	}
	Model: 1681239551616, "Model::spine", "LimbNode" {
		Version: 232
		Properties70:  {
			P: "RotationActive", "bool", "", "",1
			P: "InheritType", "enum", "", "",1
			P: "ScalingMax", "Vector3D", "Vector", "",0,0,0
			P: "DefaultAttributeIndex", "int", "Integer", "",0
			P: "Lcl Translation", "Lcl Translation", "", "A+",0.0231016855686903,0.00981561094522476,0.701387763023376
			P: "Lcl Rotation", "Lcl Rotation", "", "A+",98.0625381469727,0.88455593585968,30.5434150695801
		}
		Shading: Y
		Culling: "CullingOff"
	}
	Model: 1681239535616, "Model::spine.001", "LimbNode" {
		Version: 232
		Properties70:  {
			P: "RotationActive", "bool", "", "",1
			P: "InheritType", "enum", "", "",1
			P: "ScalingMax", "Vector3D", "Vector", "",0,0,0
			P: "DefaultAttributeIndex", "int", "Integer", "",0
			P: "Lcl Translation", "Lcl Translation", "", "A+",-1.58324837684631e-08,0.156536459922791,5.21540641784668e-08
			P: "Lcl Rotation", "Lcl Rotation", "", "A+",1.68975830078125,0.457473754882812,-0.090667724609375
			P: "Lcl Scaling", "Lcl Scaling", "", "A+",1,0.999999821186066,1.00000011920929
		}
		Shading: Y
		Culling: "CullingOff"
	}
	Model: 1681239541616, "Model::spine.002", "LimbNode" {
		Version: 232
		Properties70:  {
			P: "RotationActive", "bool", "", "",1
			P: "InheritType", "enum", "", "",1
			P: "ScalingMax", "Vector3D", "Vector", "",0,0,0
			P: "DefaultAttributeIndex", "int", "Integer", "",0
			P: "Lcl Translation", "Lcl Translation", "", "A+",0,0.126452401280403,0
			P: "Lcl Rotation", "Lcl Rotation", "", "A+",-12.63525390625,-7.01670912670559e-15,-7.01670912670559e-15
		}
		Shading: Y
		Culling: "CullingOff"
	}
	Model: 1680242218368, "Model::spine.003", "LimbNode" {
		Version: 232
		Properties70:  {
			P: "RotationActive", "bool", "", "",1
			P: "InheritType", "enum", "", "",1
			P: "ScalingMax", "Vector3D", "Vector", "",0,0,0
			P: "DefaultAttributeIndex", "int", "Integer", "",0
			P: "Lcl Translation", "Lcl Translation", "", "A+",3.72529029846191e-09,0.135405302047729,2.98023223876953e-08
			P: "Lcl Rotation", "Lcl Rotation", "", "A+",0.566879272460938,0.243270874023438,-0.407150268554688
			P: "Lcl Scaling", "Lcl Scaling", "", "A+",1,0.999999821186066,0.999999821186066
		}
		Shading: Y
		Culling: "CullingOff"
	}
	Model: 1680242216368, "Model::spine.004", "LimbNode" {
		Version: 232
		Properties70:  {
			P: "RotationActive", "bool", "", "",1
			P: "InheritType", "enum", "", "",1
			P: "ScalingMax", "Vector3D", "Vector", "",0,0,0
			P: "DefaultAttributeIndex", "int", "Integer", "",0
			P: "Lcl Translation", "Lcl Translation", "", "A+",-2.3283064365387e-09,0.184120059013367,-7.45058059692383e-08
			P: "Lcl Rotation", "Lcl Rotation", "", "A+",25.4677429199219,-10.0433807373047,-3.04916381835938
			P: "Lcl Scaling", "Lcl Scaling", "", "A+",1,1,0.999999821186066
		}
		Shading: Y
		Culling: "CullingOff"
	}
	Model: 1675371073456, "Model::spine.005", "LimbNode" {
		Version: 232
		Properties70:  {
			P: "RotationActive", "bool", "", "",1
			P: "InheritType", "enum", "", "",1
			P: "ScalingMax", "Vector3D", "Vector", "",0,0,0
			P: "DefaultAttributeIndex", "int", "Integer", "",0
			P: "Lcl Translation", "Lcl Translation", "", "A+",-1.11758708953857e-08,0.117625594139099,0
			P: "Lcl Rotation", "Lcl Rotation", "", "A+",-21.1789836883545,-19.1858196258545,11.319224357605
			P: "Lcl Scaling", "Lcl Scaling", "", "A+",1,0.999999821186066,1
		}
		Shading: Y
		Culling: "CullingOff"
	}
	Model: 1675846710064, "Model::shoulder.L", "LimbNode" {
		Version: 232
		Properties70:  {
			P: "RotationActive", "bool", "", "",1
			P: "InheritType", "enum", "", "",1
			P: "ScalingMax", "Vector3D", "Vector", "",0,0,0
			P: "DefaultAttributeIndex", "int", "Integer", "",0
			P: "Lcl Translation", "Lcl Translation", "", "A+",0.0271403733640909,0.190253853797913,0.00413654744625092
			P: "Lcl Rotation", "Lcl Rotation", "", "A+",26.585693359375,-70.4559707641602,-113.704216003418
			P: "Lcl Scaling", "Lcl Scaling", "", "A+",0.999999821186066,0.999999821186066,0.999999821186066
		}
		Shading: Y
		Culling: "CullingOff"
	}
	Model: 1679793836128, "Model::upper_arm.L", "LimbNode" {
		Version: 232
		Properties70:  {
			P: "RotationActive", "bool", "", "",1
			P: "InheritType", "enum", "", "",1
			P: "ScalingMax", "Vector3D", "Vector", "",0,0,0
			P: "DefaultAttributeIndex", "int", "Integer", "",0
			P: "Lcl Translation", "Lcl Translation", "", "A+",-0.00921794772148132,0.178763568401337,-0.0196846723556519
			P: "Lcl Rotation", "Lcl Rotation", "", "A+",-37.4539031982422,34.8054504394531,-100.621612548828
			P: "Lcl Scaling", "Lcl Scaling", "", "A+",1,0.999999821186066,0.999999821186066
		}
		Shading: Y
		Culling: "CullingOff"
	}
	Model: 1679793858128, "Model::forearm.L", "LimbNode" {
		Version: 232
		Properties70:  {
			P: "RotationActive", "bool", "", "",1
			P: "InheritType", "enum", "", "",1
			P: "ScalingMax", "Vector3D", "Vector", "",0,0,0
			P: "DefaultAttributeIndex", "int", "Integer", "",0
			P: "Lcl Translation", "Lcl Translation", "", "A+",0,0.197035789489746,-5.96046447753906e-08
			P: "Lcl Rotation", "Lcl Rotation", "", "A+",105.631187438965,-11.3428220748901,8.19889640808105
			P: "Lcl Scaling", "Lcl Scaling", "", "A+",0.999999821186066,0.999999821186066,1
		}
		Shading: Y
		Culling: "CullingOff"
	}
	Model: 1679793860128, "Model::hand.L", "LimbNode" {
		Version: 232
		Properties70:  {
			P: "RotationActive", "bool", "", "",1
			P: "InheritType", "enum", "", "",1
			P: "ScalingMax", "Vector3D", "Vector", "",0,0,0
			P: "DefaultAttributeIndex", "int", "Integer", "",0
			P: "Lcl Translation", "Lcl Translation", "", "A+",-1.78813934326172e-07,0.242479681968689,0
			P: "Lcl Rotation", "Lcl Rotation", "", "A+",24.2935180664062,-36.3088989257812,-25.5427551269531
			P: "Lcl Scaling", "Lcl Scaling", "", "A+",0.999999821186066,1,0.999999821186066
		}
		Shading: Y
		Culling: "CullingOff"
	}
	Model: 1679793850128, "Model::shoulder.R", "LimbNode" {
		Version: 232
		Properties70:  {
			P: "RotationActive", "bool", "", "",1
			P: "InheritType", "enum", "", "",1
			P: "ScalingMax", "Vector3D", "Vector", "",0,0,0
			P: "DefaultAttributeIndex", "int", "Integer", "",0
			P: "Lcl Translation", "Lcl Translation", "", "A+",-0.0271403901278973,0.190253973007202,0.00413659960031509
			P: "Lcl Rotation", "Lcl Rotation", "", "A+",12.0698099136353,69.3074951171875,102.34171295166
			P: "Lcl Scaling", "Lcl Scaling", "", "A+",1,1.00000011920929,1
		}
		Shading: Y
		Culling: "CullingOff"
	}
	Model: 1679793862128, "Model::upper_arm.R", "LimbNode" {
		Version: 232
		Properties70:  {
			P: "RotationActive", "bool", "", "",1
			P: "InheritType", "enum", "", "",1
			P: "ScalingMax", "Vector3D", "Vector", "",0,0,0
			P: "DefaultAttributeIndex", "int", "Integer", "",0
			P: "Lcl Translation", "Lcl Translation", "", "A+",0.00921773910522461,0.178763583302498,-0.0196847915649414
			P: "Lcl Rotation", "Lcl Rotation", "", "A+",-40.5375633239746,-11.2874269485474,61.4424781799316
			P: "Lcl Scaling", "Lcl Scaling", "", "A+",0.999999821186066,1,0.999999821186066
		}
		Shading: Y
		Culling: "CullingOff"
	}
	Model: 1679793852128, "Model::forearm.R", "LimbNode" {
		Version: 232
		Properties70:  {
			P: "RotationActive", "bool", "", "",1
			P: "InheritType", "enum", "", "",1
			P: "ScalingMax", "Vector3D", "Vector", "",0,0,0
			P: "DefaultAttributeIndex", "int", "Integer", "",0
			P: "Lcl Translation", "Lcl Translation", "", "A+",0,0.197035789489746,-1.19209289550781e-07
			P: "Lcl Rotation", "Lcl Rotation", "", "A+",108.555564880371,11.7525024414062,-8.07037353515625
			P: "Lcl Scaling", "Lcl Scaling", "", "A+",0.999999821186066,0.999999821186066,0.999999821186066
		}
		Shading: Y
		Culling: "CullingOff"
	}
	Model: 1679793864128, "Model::hand.R", "LimbNode" {
		Version: 232
		Properties70:  {
			P: "RotationActive", "bool", "", "",1
			P: "InheritType", "enum", "", "",1
			P: "ScalingMax", "Vector3D", "Vector", "",0,0,0
			P: "DefaultAttributeIndex", "int", "Integer", "",0
			P: "Lcl Translation", "Lcl Translation", "", "A+",5.96046447753906e-08,0.242479860782623,2.68220901489258e-07
			P: "Lcl Rotation", "Lcl Rotation", "", "A+",11.0547513961792,17.9779624938965,9.87732028961182
			P: "Lcl Scaling", "Lcl Scaling", "", "A+",0.999999821186066,1,1.00000011920929
		}
		Shading: Y
		Culling: "CullingOff"
	}
	Model: 1679793866128, "Model::pelvis.L", "LimbNode" {
		Version: 232
		Properties70:  {
			P: "RotationActive", "bool", "", "",1
			P: "InheritType", "enum", "", "",1
			P: "ScalingMax", "Vector3D", "Vector", "",0,0,0
			P: "DefaultAttributeIndex", "int", "Integer", "",0
			P: "Lcl Translation", "Lcl Translation", "", "A+",0,0.00805620010942221,-0.0206966008991003
			P: "Lcl Rotation", "Lcl Rotation", "", "A+",117.19588470459,-75.9131393432617,-163.189834594727
			P: "Lcl Scaling", "Lcl Scaling", "", "A+",1.00000011920929,1.00000011920929,1
		}
		Shading: Y
		Culling: "CullingOff"
	}
	Model: 1679793868128, "Model::pelvis.R", "LimbNode" {
		Version: 232
		Properties70:  {
			P: "RotationActive", "bool", "", "",1
			P: "InheritType", "enum", "", "",1
			P: "ScalingMax", "Vector3D", "Vector", "",0,0,0
			P: "DefaultAttributeIndex", "int", "Integer", "",0
			P: "Lcl Translation", "Lcl Translation", "", "A+",0,0.00805620010942221,-0.0206966008991003
			P: "Lcl Rotation", "Lcl Rotation", "", "A+",117.195762634277,75.9132080078125,163.18977355957
			P: "Lcl Scaling", "Lcl Scaling", "", "A+",1.00000011920929,1,1
		}
		Shading: Y
		Culling: "CullingOff"
	}
	Model: 1679793838128, "Model::thigh.L", "LimbNode" {
		Version: 232
		Properties70:  {
			P: "RotationActive", "bool", "", "",1
			P: "InheritType", "enum", "", "",1
			P: "ScalingMax", "Vector3D", "Vector", "",0,0,0
			P: "DefaultAttributeIndex", "int", "Integer", "",0
			P: "Lcl Translation", "Lcl Translation", "", "A+",0.105214722454548,0.0975490212440491,-0.00724316388368607
			P: "Lcl Rotation", "Lcl Rotation", "", "A+",167.47412109375,-0.549539923667908,11.5726690292358
			P: "Lcl Scaling", "Lcl Scaling", "", "A+",1.00000011920929,1.00000011920929,1.00000584125519
		}
		Shading: Y
		Culling: "CullingOff"
	}
	Model: 1679793844128, "Model::shin.L", "LimbNode" {
		Version: 232
		Properties70:  {
			P: "RotationActive", "bool", "", "",1
			P: "InheritType", "enum", "", "",1
			P: "ScalingMax", "Vector3D", "Vector", "",0,0,0
			P: "DefaultAttributeIndex", "int", "Integer", "",0
			P: "Lcl Translation", "Lcl Translation", "", "A+",-5.96046447753906e-08,0.391098648309708,6.33299350738525e-08
			P: "Lcl Rotation", "Lcl Rotation", "", "A+",39.5367736816406,0.761016845703125,-2.1595458984375
			P: "Lcl Scaling", "Lcl Scaling", "", "A+",1,0.999999821186066,1
		}
		Shading: Y
		Culling: "CullingOff"
	}
	Model: 1679793854128, "Model::foot.L", "LimbNode" {
		Version: 232
		Properties70:  {
			P: "RotationActive", "bool", "", "",1
			P: "InheritType", "enum", "", "",1
			P: "ScalingMax", "Vector3D", "Vector", "",0,0,0
			P: "DefaultAttributeIndex", "int", "Integer", "",0
			P: "Lcl Translation", "Lcl Translation", "", "A+",8.94069671630859e-08,0.407673925161362,-7.15255737304688e-07
			P: "Lcl Rotation", "Lcl Rotation", "", "A+",-91.2560806274414,20.8799896240234,-1.51881408691406
			P: "Lcl Scaling", "Lcl Scaling", "", "A+",1,0.999999821186066,0.999999821186066
		}
		Shading: Y
		Culling: "CullingOff"
	}
	Model: 1679793856128, "Model::toe.L", "LimbNode" {
		Version: 232
		Properties70:  {
			P: "RotationActive", "bool", "", "",1
			P: "InheritType", "enum", "", "",1
			P: "ScalingMax", "Vector3D", "Vector", "",0,0,0
			P: "DefaultAttributeIndex", "int", "Integer", "",0
			P: "Lcl Translation", "Lcl Translation", "", "A+",-1.49011611938477e-07,0.13033589720726,-1.49011611938477e-07
			P: "Lcl Rotation", "Lcl Rotation", "", "A+",-141.940887451172,-0.0371551513671875,-177.988632202148
			P: "Lcl Scaling", "Lcl Scaling", "", "A+",0.999999821186066,0.999999821186066,1
		}
		Shading: Y
		Culling: "CullingOff"
	}
	Model: 1679793846128, "Model::thigh.R", "LimbNode" {
		Version: 232
		Properties70:  {
			P: "RotationActive", "bool", "", "",1
			P: "InheritType", "enum", "", "",1
			P: "ScalingMax", "Vector3D", "Vector", "",0,0,0
			P: "DefaultAttributeIndex", "int", "Integer", "",0
			P: "Lcl Translation", "Lcl Translation", "", "A+",-0.10521475225687,0.0975490808486938,-0.00724322348833084
			P: "Lcl Rotation", "Lcl Rotation", "", "A+",136.493530273438,-24.4453239440918,2.34415221214294
			P: "Lcl Scaling", "Lcl Scaling", "", "A+",0.999999821186066,1,1.00000071525574
		}
		Shading: Y
		Culling: "CullingOff"
	}
	Model: 1679793848128, "Model::shin.R", "LimbNode" {
		Version: 232
		Properties70:  {
			P: "RotationActive", "bool", "", "",1
			P: "InheritType", "enum", "", "",1
			P: "ScalingMax", "Vector3D", "Vector", "",0,0,0
			P: "DefaultAttributeIndex", "int", "Integer", "",0
			P: "Lcl Translation", "Lcl Translation", "", "A+",1.49011611938477e-08,0.39109855890274,-2.98023223876953e-08
			P: "Lcl Rotation", "Lcl Rotation", "", "A+",39.7002754211426,-0.763724625110626,2.15758895874023
			P: "Lcl Scaling", "Lcl Scaling", "", "A+",0.999999821186066,0.999999821186066,0.999999821186066
		}
		Shading: Y
		Culling: "CullingOff"
	}
	Model: 1679793870128, "Model::foot.R", "LimbNode" {
		Version: 232
		Properties70:  {
			P: "RotationActive", "bool", "", "",1
			P: "InheritType", "enum", "", "",1
			P: "ScalingMax", "Vector3D", "Vector", "",0,0,0
			P: "DefaultAttributeIndex", "int", "Integer", "",0
			P: "Lcl Translation", "Lcl Translation", "", "A+",-1.49011611938477e-07,0.407674729824066,-1.19209289550781e-07
			P: "Lcl Rotation", "Lcl Rotation", "", "A+",-64.9522399902344,10.3499755859375,-3.84370422363281
		}
		Shading: Y
		Culling: "CullingOff"
	}
	Model: 1679793840128, "Model::toe.R", "LimbNode" {
		Version: 232
		Properties70:  {
			P: "RotationActive", "bool", "", "",1
			P: "InheritType", "enum", "", "",1
			P: "ScalingMax", "Vector3D", "Vector", "",0,0,0
			P: "DefaultAttributeIndex", "int", "Integer", "",0
			P: "Lcl Translation", "Lcl Translation", "", "A+",-1.49011611938477e-08,0.13033638894558,-4.4703483581543e-08
			P: "Lcl Rotation", "Lcl Rotation", "", "A+",-150.942153930664,-0.293980240821838,177.805572509766
			P: "Lcl Scaling", "Lcl Scaling", "", "A+",0.999999821186066,0.999999701976776,1
		}
		Shading: Y
		Culling: "CullingOff"
	}
	Pose: 1680223146848, "Pose::BindPose", "BindPose" {
		Type: "BindPose"
		Version: 100
		NbPoseNodes: 25
		PoseNode:  {
			Node: 1681239561616
			Matrix: *16 {
				a: 99.9999999999965,0,2.6631610894334e-05,0,2.66316108943338e-05,1.33158054421881e-05,-99.9999999999956,0,-3.54621349281009e-12,99.9999999999991,1.33158054421876e-05,0,0,0,0,1
			} 
		}
		PoseNode:  {
			Node: 1679793840128
			Matrix: *16 {
				a: -0.999253313046269,0.0382901110785691,0.00513089970760126,0,0.0309807524515335,0.873583909697074,-0.485685854899597,0,-0.0230792477652669,-0.48516447181886,-0.874118289253415,0,-1.49011611869088e-08,0.130336388945579,-4.47034835537874e-08,1
			} 
		}
		PoseNode:  {
			Node: 1679793870128
			Matrix: *16 {
				a: 0.98151593117972,-0.0659442406343527,-0.179660329420727,0,-0.13401724767093,0.433332156020532,-0.891214126843435,0,0.136623036736541,0.898818446453874,0.416484748997044,0,-1.49011611924599e-07,0.407674729824066,-1.19209289578537e-07,1
			} 
		}
		PoseNode:  {
			Node: 1679793848128
			Matrix: *16 {
				a: 0.999202105496808,0.0376447806644089,0.0133291121849043,0,-0.0374745562537821,0.768530343467409,0.63871465551967,0,0.0138004484163138,-0.6387046453806,0.769327996348056,0,1.49011611938477e-08,0.39109855890274,-2.98023223876953e-08,1
			} 
		}
		PoseNode:  {
			Node: 1679793846128
			Matrix: *16 {
				a: 0.909594615015417,0.0372351811566455,0.413824624679768,0,-0.254987703232317,-0.736342276122248,0.626722684762101,0,0.328052992056253,-0.675584373774748,-0.660279046181467,0,-0.10521475225687,0.097549080848694,-0.00724322348833083,1
			} 
		}
		PoseNode:  {
			Node: 1679793856128
			Matrix: *16 {
				a: -0.999383494259475,-0.0350977669965013,0.000648479564026708,0,-0.0280346399815629,0.786875864170926,-0.616473905139971,0,0.0211265921201427,-0.616112245668571,-0.7873749855327,0,-1.49011611938477e-07,0.13033589720726,-1.49011611952354e-07,1
			} 
		}
		PoseNode:  {
			Node: 1679793854128
			Matrix: *16 {
				a: 0.934000754250866,-0.0247645791861845,-0.356411709510988,0,-0.356781836300097,-0.0124687886104737,-0.934104326597989,0,0.0186886783000033,0.999615369789705,-0.0204814100040234,0,8.94069672185971e-08,0.407673925161362,-7.15255737276932e-07,1
			} 
		}
		PoseNode:  {
			Node: 1679793844128
			Matrix: *16 {
				a: 0.999201626192289,-0.0376789388639121,-0.0132818590857772,0,0.0375100362787696,0.770349699102837,0.636517070189556,0,-0.0137516140822341,-0.63650720846507,0.771148148336061,0,-5.96046447753906e-08,0.391098648309708,6.33299350669136e-08,1
			} 
		}
		PoseNode:  {
			Node: 1679793838128
			Matrix: *16 {
				a: 0.979626111265087,0.200601422410664,0.00959113512859683,0,0.193797900788903,-0.956770480084783,0.216870607752044,0,0.0526813625190125,-0.210594548185676,-0.976158948564273,0,0.105214722454548,0.0975490212440492,-0.00724316388368607,1
			} 
		}
		PoseNode:  {
			Node: 1679793868128
			Matrix: *16 {
				a: -0.232990826899385,0.0703894564788083,-0.969928264056653,0,-0.693662744049069,0.686998135416584,0.216484547837605,0,0.681577057302798,0.723241928770754,-0.111237706855265,0,0,0.00805620010942221,-0.0206966008991003,1
			} 
		}
		PoseNode:  {
			Node: 1679793866128
			Matrix: *16 {
				a: -0.232992014595565,-0.0703895444451904,0.969927972370161,0,0.693661858100815,0.686998944235832,0.216485370530137,0,-0.681577637112985,0.72324122971437,-0.111238699330437,0,0,0.00805620010942221,-0.0206966008991003,1
			} 
		}
		PoseNode:  {
			Node: 1679793864128
			Matrix: *16 {
				a: 0.937076152932912,0.163163769351801,-0.308651114282017,0,-0.110050465709713,0.977048935591116,0.182384956773696,0,0.331325958441336,-0.136941435589496,0.933525784807368,0,5.96046446643683e-08,0.242479860782623,2.68220901433747e-07,1
			} 
		}
		PoseNode:  {
			Node: 1679793852128
			Matrix: *16 {
				a: 0.969340400194258,-0.137446227676059,-0.203684475159551,0,0.14650842858511,-0.342181171099646,0.928141674999329,0,-0.197266599496525,-0.929526881275985,-0.311553058210928,0,-1.11022302462516e-16,0.197035789489746,-1.19209289550781e-07,1
			} 
		}
		PoseNode:  {
			Node: 1679793862128
			Matrix: *16 {
				a: 0.468794279608255,0.861348346363066,0.195730917323638,0,-0.606705263957311,0.475038860781996,-0.637374931601043,0,-0.641981635333066,0.180046744040827,0.745280076365618,0,0.00921773910522455,0.178763583302498,-0.0196847915649414,1
			} 
		}
		PoseNode:  {
			Node: 1679793850128
			Matrix: *16 {
				a: -0.075526139022099,0.345186574454178,-0.935490262451195,0,-0.997105654575343,-0.017923055711112,0.073887184994739,0,0.00873801915162739,0.938362932434544,0.345541103277383,0,-0.0271403901278973,0.190253973007202,0.00413659960031511,1
			} 
		}
		PoseNode:  {
			Node: 1679793860128
			Matrix: *16 {
				a: 0.72707679588755,-0.347464071810316,0.592138238973851,0,0.173200417076547,0.92741004418237,0.331530127551276,0,-0.664349758415569,-0.13848927292293,0.73447924555471,0,-1.78813934326172e-07,0.242479681968689,-5.55111512312578e-17,1
			} 
		}
		PoseNode:  {
			Node: 1679793858128
			Matrix: *16 {
				a: 0.970446379296938,0.139824379369594,0.196678952141643,0,-0.149043699755402,-0.293701031849746,0.944206186076844,0,0.189787923025697,-0.945615571457701,-0.264181254615684,0,-1.11022302462516e-16,0.197035789489746,-5.96046449419241e-08,1
			} 
		}
		PoseNode:  {
			Node: 1679793836128
			Matrix: *16 {
				a: -0.15134594772351,-0.807026184672275,-0.570791679477709,0,0.844221243578311,0.194841245711375,-0.499326569724559,0,0.51418337834143,-0.557445514391316,0.65182021623647,0,-0.00921794772148132,0.178763568401337,-0.0196846723556521,1
			} 
		}
		PoseNode:  {
			Node: 1675846710064
			Matrix: *16 {
				a: -0.134486562662157,-0.306307699754909,0.94238452868579,0,0.988369559089149,0.0266605498258406,0.149714635627478,0,-0.0709832480336199,0.951558957987368,0.299159773941547,0,0.0271403733640909,0.190253853797913,0.0041365474462509,1
			} 
		}
		PoseNode:  {
			Node: 1675371073456
			Matrix: *16 {
				a: 0.926086952284861,0.185373590202721,0.328632908977618,0,-0.0665980921211444,0.937622494442422,-0.341216052397244,0,-0.371386118948153,0.294109461879974,0.880665643184348,0,-1.1175870881508e-08,0.117625594139099,0,1
			} 
		}
		PoseNode:  {
			Node: 1680242216368
			Matrix: *16 {
				a: 0.983281949344199,-0.0523777042217784,0.174393761913456,0,-0.0268597018997278,0.905538266789977,0.423413513946901,0,-0.18009762049514,-0.421018954546484,0.888992423689166,0,-2.32830643393661e-09,0.184120059013367,-7.45058059692383e-08,1
			} 
		}
		PoseNode:  {
			Node: 1680242218368
			Matrix: *16 {
				a: 0.999965738189425,-0.00710598887876287,-0.00424586496884732,0,0.00714771031059419,0.99992533128866,0.00989365739965795,0,0.00417524371612921,-0.00992366663785746,0.999941863586346,0,3.72529029499247e-09,0.13540530204773,2.98023223876953e-08,1
			} 
		}
		PoseNode:  {
			Node: 1681239541616
			Matrix: *16 {
				a: 1,-1.38777878078145e-16,5.55111512312578e-17,0,1.70002900645727e-16,0.975782354386119,-0.218743678465648,0,0,0.218743678465648,0.975782354386119,0,3.46944695195361e-18,0.126452401280403,-2.77555756156289e-17,1
			} 
		}
		PoseNode:  {
			Node: 1681239535616
			Matrix: *16 {
				a: 0.999966872627575,-0.00158239921815869,-0.00798433842858925,0,0.00181719965224363,0.999563344196578,0.0294866257164423,0,0.00793419477197227,-0.0295001668307602,0.999533404708853,0,-1.58324837667284e-08,0.156536459922791,5.21540641923446e-08,1
			} 
		}
		PoseNode:  {
			Node: 1681239551616
			Matrix: *16 {
				a: 0.861141698642982,0.508130543445648,-0.0154378002290088,0,0.0844400777103843,-0.113025063791167,0.989997579911823,0,0.501303149934792,-0.853831766668724,-0.140237177997927,0,0.0231016855686903,0.00981561094522476,0.701387763023377,1
			} 
		}
	}
	AnimationStack: 1675281809184, "AnimStack::block-successful", "" {
	}
	AnimationCurve: 1680760004016, "AnimCurve::", "" {
		Default: 0
		KeyVer: 4009
		KeyTime: *4 {
			a: 0,6158154400,16934924600,35409387800
		} 
		KeyValueFloat: *4 {
			a: 0,0,0,0
		} 
		;KeyAttrFlags: Linear, Cubic|TangeantAuto|GenericTimeIndependent, Cubic|TangeantAuto|GenericTimeIndependent, Cubic|TangeantAuto|GenericTimeIndependent
		KeyAttrFlags: *4 {
			a: 8452,8456,8456,8456
		} 
		;KeyAttrDataFloat: RightAuto:0, NextLeftAuto:0; RightAuto:0, NextLeftAuto:0; RightAuto:0, NextLeftAuto:0; RightAuto:0, NextLeftAuto:0
		KeyAttrDataFloat: *16 {
			a: 0,0,218434821,0,0,0,218434821,0,0,0,218434821,0,0,0,218434821,0
		} 
		KeyAttrRefCount: *4 {
			a: 1,1,1,1
		} 
	}
	AnimationCurve: 1680759997936, "AnimCurve::", "" {
		Default: 0
		KeyVer: 4009
		KeyTime: *4 {
			a: 0,6158154400,16934924600,35409387800
		} 
		KeyValueFloat: *4 {
			a: 0,0,0,0
		} 
		;KeyAttrFlags: Linear, Cubic|TangeantAuto|GenericTimeIndependent, Cubic|TangeantAuto|GenericTimeIndependent, Cubic|TangeantAuto|GenericTimeIndependent
		KeyAttrFlags: *4 {
			a: 8452,8456,8456,8456
		} 
		;KeyAttrDataFloat: RightAuto:0, NextLeftAuto:0; RightAuto:0, NextLeftAuto:0; RightAuto:0, NextLeftAuto:0; RightAuto:0, NextLeftAuto:0
		KeyAttrDataFloat: *16 {
			a: 0,0,218434821,0,0,0,218434821,0,0,0,218434821,0,0,0,218434821,0
		} 
		KeyAttrRefCount: *4 {
			a: 1,1,1,1
		} 
	}
	AnimationCurve: 1680759999056, "AnimCurve::", "" {
		Default: 0
		KeyVer: 4009
		KeyTime: *4 {
			a: 0,6158154400,16934924600,35409387800
		} 
		KeyValueFloat: *4 {
			a: 0,0,0,0
		} 
		;KeyAttrFlags: Linear, Cubic|TangeantAuto|GenericTimeIndependent, Cubic|TangeantAuto|GenericTimeIndependent, Cubic|TangeantAuto|GenericTimeIndependent
		KeyAttrFlags: *4 {
			a: 8452,8456,8456,8456
		} 
		;KeyAttrDataFloat: RightAuto:0, NextLeftAuto:0; RightAuto:0, NextLeftAuto:0; RightAuto:0, NextLeftAuto:0; RightAuto:0, NextLeftAuto:0
		KeyAttrDataFloat: *16 {
			a: 0,0,218434821,0,0,0,218434821,0,0,0,218434821,0,0,0,218434821,0
		} 
		KeyAttrRefCount: *4 {
			a: 1,1,1,1
		} 
	}
	AnimationCurve: 1680760001616, "AnimCurve::", "" {
		Default: -89.9999847412109
		KeyVer: 4009
		KeyTime: *4 {
			a: 0,6158154400,16934924600,35409387800
		} 
		KeyValueFloat: *4 {
			a: -89.99998,-89.99998,-89.99998,-89.99998
		} 
		;KeyAttrFlags: Linear, Cubic|TangeantAuto|GenericTimeIndependent, Cubic|TangeantAuto|GenericTimeIndependent, Cubic|TangeantAuto|GenericTimeIndependent
		KeyAttrFlags: *4 {
			a: 8452,8456,8456,8456
		} 
		;KeyAttrDataFloat: RightAuto:0, NextLeftAuto:0; RightAuto:0, NextLeftAuto:0; RightAuto:0, NextLeftAuto:0; RightAuto:0, NextLeftAuto:0
		KeyAttrDataFloat: *16 {
			a: 0,0,218434821,0,0,0,218434821,0,0,0,218434821,0,0,0,218434821,0
		} 
		KeyAttrRefCount: *4 {
			a: 1,1,1,1
		} 
	}
	AnimationCurve: 1680760004176, "AnimCurve::", "" {
		Default: 89.9999847412109
		KeyVer: 4009
		KeyTime: *4 {
			a: 0,6158154400,16934924600,35409387800
		} 
		KeyValueFloat: *4 {
			a: 89.99998,89.99998,89.99998,89.99998
		} 
		;KeyAttrFlags: Linear, Cubic|TangeantAuto|GenericTimeIndependent, Cubic|TangeantAuto|GenericTimeIndependent, Cubic|TangeantAuto|GenericTimeIndependent
		KeyAttrFlags: *4 {
			a: 8452,8456,8456,8456
		} 
		;KeyAttrDataFloat: RightAuto:0, NextLeftAuto:0; RightAuto:0, NextLeftAuto:0; RightAuto:0, NextLeftAuto:0; RightAuto:0, NextLeftAuto:0
		KeyAttrDataFloat: *16 {
			a: 0,0,218434821,0,0,0,218434821,0,0,0,218434821,0,0,0,218434821,0
		} 
		KeyAttrRefCount: *4 {
			a: 1,1,1,1
		} 
	}
	AnimationCurve: 1680759997776, "AnimCurve::", "" {
		Default: 0
		KeyVer: 4009
		KeyTime: *4 {
			a: 0,6158154400,16934924600,35409387800
		} 
		KeyValueFloat: *4 {
			a: 0,0,0,0
		} 
		;KeyAttrFlags: Linear, Cubic|TangeantAuto|GenericTimeIndependent, Cubic|TangeantAuto|GenericTimeIndependent, Cubic|TangeantAuto|GenericTimeIndependent
		KeyAttrFlags: *4 {
			a: 8452,8456,8456,8456
		} 
		;KeyAttrDataFloat: RightAuto:0, NextLeftAuto:0; RightAuto:0, NextLeftAuto:0; RightAuto:0, NextLeftAuto:0; RightAuto:0, NextLeftAuto:0
		KeyAttrDataFloat: *16 {
			a: 0,0,218434821,0,0,0,218434821,0,0,0,218434821,0,0,0,218434821,0
		} 
		KeyAttrRefCount: *4 {
			a: 1,1,1,1
		} 
	}
	AnimationCurve: 1680759995376, "AnimCurve::", "" {
		Default: 100
		KeyVer: 4009
		KeyTime: *4 {
			a: 0,6158154400,16934924600,35409387800
		} 
		KeyValueFloat: *4 {
			a: 100,100,100,100
		} 
		;KeyAttrFlags: Linear, Cubic|TangeantAuto|GenericTimeIndependent, Cubic|TangeantAuto|GenericTimeIndependent, Cubic|TangeantAuto|GenericTimeIndependent
		KeyAttrFlags: *4 {
			a: 8452,8456,8456,8456
		} 
		;KeyAttrDataFloat: RightAuto:0, NextLeftAuto:0; RightAuto:0, NextLeftAuto:0; RightAuto:0, NextLeftAuto:0; RightAuto:0, NextLeftAuto:0
		KeyAttrDataFloat: *16 {
			a: 0,0,218434821,0,0,0,218434821,0,0,0,218434821,0,0,0,218434821,0
		} 
		KeyAttrRefCount: *4 {
			a: 1,1,1,1
		} 
	}
	AnimationCurve: 1680759998256, "AnimCurve::", "" {
		Default: 100
		KeyVer: 4009
		KeyTime: *4 {
			a: 0,6158154400,16934924600,35409387800
		} 
		KeyValueFloat: *4 {
			a: 100,100,100,100
		} 
		;KeyAttrFlags: Linear, Cubic|TangeantAuto|GenericTimeIndependent, Cubic|TangeantAuto|GenericTimeIndependent, Cubic|TangeantAuto|GenericTimeIndependent
		KeyAttrFlags: *4 {
			a: 8452,8456,8456,8456
		} 
