; FBX 7.7.0 project file
; ----------------------------------------------------

FBXHeaderExtension:  {
	FBXHeaderVersion: 1004
	FBXVersion: 7700
	CreationTimeStamp:  {
		Version: 1000
		Year: 2023
		Month: 3
		Day: 7
		Hour: 10
		Minute: 13
		Second: 42
		Millisecond: 154
	}
	Creator: "FBX SDK/FBX Plugins version 2020.2"
	OtherFlags:  {
		TCDefinition: 127
	}
	SceneInfo: "SceneInfo::GlobalInfo", "UserData" {
		Type: "UserData"
		Version: 100
		MetaData:  {
			Version: 100
			Title: ""
			Subject: ""
			Author: ""
			Keywords: ""
			Revision: ""
			Comment: ""
		}
		Properties70:  {
			P: "DocumentUrl", "KString", "Url", "", "C:\Users\patri\Documents\work-folder\game-dev\Unity\uppercut-city\Assets\Characters\Common\BoxerAnimations\block-top-left.fbx"
			P: "SrcDocumentUrl", "KString", "Url", "", "C:\Users\patri\Documents\work-folder\game-dev\Unity\uppercut-city\Assets\Characters\Common\BoxerAnimations\block-top-left.fbx"
			P: "Original", "Compound", "", ""
			P: "Original|ApplicationVendor", "KString", "", "", ""
			P: "Original|ApplicationName", "KString", "", "", ""
			P: "Original|ApplicationVersion", "KString", "", "", ""
			P: "Original|DateTime_GMT", "DateTime", "", "", ""
			P: "Original|FileName", "KString", "", "", ""
			P: "LastSaved", "Compound", "", ""
			P: "LastSaved|ApplicationVendor", "KString", "", "", ""
			P: "LastSaved|ApplicationName", "KString", "", "", ""
			P: "LastSaved|ApplicationVersion", "KString", "", "", ""
			P: "LastSaved|DateTime_GMT", "DateTime", "", "", ""
		}
	}
}
GlobalSettings:  {
	Version: 1000
	Properties70:  {
		P: "UpAxis", "int", "Integer", "",1
		P: "UpAxisSign", "int", "Integer", "",1
		P: "FrontAxis", "int", "Integer", "",2
		P: "FrontAxisSign", "int", "Integer", "",1
		P: "CoordAxis", "int", "Integer", "",0
		P: "CoordAxisSign", "int", "Integer", "",1
		P: "OriginalUpAxis", "int", "Integer", "",-1
		P: "OriginalUpAxisSign", "int", "Integer", "",1
		P: "UnitScaleFactor", "double", "Number", "",1
		P: "OriginalUnitScaleFactor", "double", "Number", "",1
		P: "AmbientColor", "ColorRGB", "Color", "",0,0,0
		P: "DefaultCamera", "KString", "", "", "Producer Perspective"
		P: "TimeMode", "enum", "", "",6
		P: "TimeProtocol", "enum", "", "",2
		P: "SnapOnFrameMode", "enum", "", "",0
		P: "TimeSpanStart", "KTime", "Time", "",0
		P: "TimeSpanStop", "KTime", "Time", "",46186158000
		P: "CustomFrameRate", "double", "Number", "",-1
		P: "TimeMarker", "Compound", "", ""
		P: "CurrentTimeMarker", "int", "Integer", "",-1
	}
}

; Documents Description
;------------------------------------------------------------------

Documents:  {
	Count: 1
	Document: 2386627855856, "myScene", "Scene" {
		Properties70:  {
			P: "SourceObject", "object", "", ""
			P: "ActiveAnimStackName", "KString", "", "", ""
		}
		RootNode: 0
	}
}

; Document References
;------------------------------------------------------------------

References:  {
}

; Object definitions
;------------------------------------------------------------------

Definitions:  {
	Version: 100
	Count: 354
	ObjectType: "GlobalSettings" {
		Count: 1
	}
	ObjectType: "NodeAttribute" {
		Count: 25
		PropertyTemplate: "FbxNull" {
			Properties70:  {
				P: "Color", "ColorRGB", "Color", "",0.8,0.8,0.8
				P: "Size", "double", "Number", "",100
				P: "Look", "enum", "", "",1
			}
		}
	}
	ObjectType: "Model" {
		Count: 25
		PropertyTemplate: "FbxNode" {
			Properties70:  {
				P: "QuaternionInterpolate", "enum", "", "",0
				P: "RotationOffset", "Vector3D", "Vector", "",0,0,0
				P: "RotationPivot", "Vector3D", "Vector", "",0,0,0
				P: "ScalingOffset", "Vector3D", "Vector", "",0,0,0
				P: "ScalingPivot", "Vector3D", "Vector", "",0,0,0
				P: "TranslationActive", "bool", "", "",0
				P: "TranslationMin", "Vector3D", "Vector", "",0,0,0
				P: "TranslationMax", "Vector3D", "Vector", "",0,0,0
				P: "TranslationMinX", "bool", "", "",0
				P: "TranslationMinY", "bool", "", "",0
				P: "TranslationMinZ", "bool", "", "",0
				P: "TranslationMaxX", "bool", "", "",0
				P: "TranslationMaxY", "bool", "", "",0
				P: "TranslationMaxZ", "bool", "", "",0
				P: "RotationOrder", "enum", "", "",0
				P: "RotationSpaceForLimitOnly", "bool", "", "",0
				P: "RotationStiffnessX", "double", "Number", "",0
				P: "RotationStiffnessY", "double", "Number", "",0
				P: "RotationStiffnessZ", "double", "Number", "",0
				P: "AxisLen", "double", "Number", "",10
				P: "PreRotation", "Vector3D", "Vector", "",0,0,0
				P: "PostRotation", "Vector3D", "Vector", "",0,0,0
				P: "RotationActive", "bool", "", "",0
				P: "RotationMin", "Vector3D", "Vector", "",0,0,0
				P: "RotationMax", "Vector3D", "Vector", "",0,0,0
				P: "RotationMinX", "bool", "", "",0
				P: "RotationMinY", "bool", "", "",0
				P: "RotationMinZ", "bool", "", "",0
				P: "RotationMaxX", "bool", "", "",0
				P: "RotationMaxY", "bool", "", "",0
				P: "RotationMaxZ", "bool", "", "",0
				P: "InheritType", "enum", "", "",0
				P: "ScalingActive", "bool", "", "",0
				P: "ScalingMin", "Vector3D", "Vector", "",0,0,0
				P: "ScalingMax", "Vector3D", "Vector", "",1,1,1
				P: "ScalingMinX", "bool", "", "",0
				P: "ScalingMinY", "bool", "", "",0
				P: "ScalingMinZ", "bool", "", "",0
				P: "ScalingMaxX", "bool", "", "",0
				P: "ScalingMaxY", "bool", "", "",0
				P: "ScalingMaxZ", "bool", "", "",0
				P: "GeometricTranslation", "Vector3D", "Vector", "",0,0,0
				P: "GeometricRotation", "Vector3D", "Vector", "",0,0,0
				P: "GeometricScaling", "Vector3D", "Vector", "",1,1,1
				P: "MinDampRangeX", "double", "Number", "",0
				P: "MinDampRangeY", "double", "Number", "",0
				P: "MinDampRangeZ", "double", "Number", "",0
				P: "MaxDampRangeX", "double", "Number", "",0
				P: "MaxDampRangeY", "double", "Number", "",0
				P: "MaxDampRangeZ", "double", "Number", "",0
				P: "MinDampStrengthX", "double", "Number", "",0
				P: "MinDampStrengthY", "double", "Number", "",0
				P: "MinDampStrengthZ", "double", "Number", "",0
				P: "MaxDampStrengthX", "double", "Number", "",0
				P: "MaxDampStrengthY", "double", "Number", "",0
				P: "MaxDampStrengthZ", "double", "Number", "",0
				P: "PreferedAngleX", "double", "Number", "",0
				P: "PreferedAngleY", "double", "Number", "",0
				P: "PreferedAngleZ", "double", "Number", "",0
				P: "LookAtProperty", "object", "", ""
				P: "UpVectorProperty", "object", "", ""
				P: "Show", "bool", "", "",1
				P: "NegativePercentShapeSupport", "bool", "", "",1
				P: "DefaultAttributeIndex", "int", "Integer", "",-1
				P: "Freeze", "bool", "", "",0
				P: "LODBox", "bool", "", "",0
				P: "Lcl Translation", "Lcl Translation", "", "A",0,0,0
				P: "Lcl Rotation", "Lcl Rotation", "", "A",0,0,0
				P: "Lcl Scaling", "Lcl Scaling", "", "A",1,1,1
				P: "Visibility", "Visibility", "", "A",1
				P: "Visibility Inheritance", "Visibility Inheritance", "", "",1
			}
		}
	}
	ObjectType: "Pose" {
		Count: 1
	}
	ObjectType: "AnimationStack" {
		Count: 1
		PropertyTemplate: "FbxAnimStack" {
			Properties70:  {
				P: "Description", "KString", "", "", ""
				P: "LocalStart", "KTime", "Time", "",0
				P: "LocalStop", "KTime", "Time", "",0
				P: "ReferenceStart", "KTime", "Time", "",0
				P: "ReferenceStop", "KTime", "Time", "",0
			}
		}
	}
	ObjectType: "AnimationLayer" {
		Count: 1
		PropertyTemplate: "FbxAnimLayer" {
			Properties70:  {
				P: "Weight", "Number", "", "A",100
				P: "Mute", "bool", "", "",0
				P: "Solo", "bool", "", "",0
				P: "Lock", "bool", "", "",0
				P: "Color", "ColorRGB", "Color", "",0.8,0.8,0.8
				P: "BlendMode", "enum", "", "",0
				P: "RotationAccumulationMode", "enum", "", "",0
				P: "ScaleAccumulationMode", "enum", "", "",0
				P: "BlendModeBypass", "ULongLong", "", "",0
			}
		}
	}
	ObjectType: "AnimationCurveNode" {
		Count: 75
		PropertyTemplate: "FbxAnimCurveNode" {
			Properties70:  {
				P: "d", "Compound", "", ""
			}
		}
	}
	ObjectType: "AnimationCurve" {
		Count: 225
	}
}

; Object properties
;------------------------------------------------------------------

Objects:  {
	NodeAttribute: 2384844492256, "NodeAttribute::", "Null" {
		TypeFlags: "Null"
	}
	NodeAttribute: 2386720525008, "NodeAttribute::spine", "LimbNode" {
		Properties70:  {
			P: "Size", "double", "Number", "",3.28587698936462
		}
		TypeFlags: "Skeleton"
	}
	NodeAttribute: 2386720527120, "NodeAttribute::spine.001", "LimbNode" {
		Properties70:  {
			P: "Size", "double", "Number", "",2.95710468292236
		}
		TypeFlags: "Skeleton"
	}
	NodeAttribute: 2386720526352, "NodeAttribute::spine.002", "LimbNode" {
		Properties70:  {
			P: "Size", "double", "Number", "",2.50252175331116
		}
		TypeFlags: "Skeleton"
	}
	NodeAttribute: 2386720534224, "NodeAttribute::spine.003", "LimbNode" {
		Properties70:  {
			P: "Size", "double", "Number", "",3.05492115020752
		}
		TypeFlags: "Skeleton"
	}
	NodeAttribute: 2386720527312, "NodeAttribute::spine.004", "LimbNode" {
		Properties70:  {
			P: "Size", "double", "Number", "",5.68054151535034
		}
		TypeFlags: "Skeleton"
	}
	NodeAttribute: 2386720531344, "NodeAttribute::spine.005", "LimbNode" {
		Properties70:  {
			P: "Size", "double", "Number", "",6.89283752441406
		}
		TypeFlags: "Skeleton"
	}
	NodeAttribute: 2386720530000, "NodeAttribute::shoulder.L", "LimbNode" {
		Properties70:  {
			P: "Size", "double", "Number", "",3.00270175933838
		}
		TypeFlags: "Skeleton"
	}
	NodeAttribute: 2386720526544, "NodeAttribute::upper_arm.L", "LimbNode" {
		Properties70:  {
			P: "Size", "double", "Number", "",2.34677624702454
		}
		TypeFlags: "Skeleton"
	}
	NodeAttribute: 2386720522704, "NodeAttribute::forearm.L", "LimbNode" {
		Properties70:  {
			P: "Size", "double", "Number", "",3.18843913078308
		}
		TypeFlags: "Skeleton"
	}
	NodeAttribute: 2386720523088, "NodeAttribute::hand.L", "LimbNode" {
		Properties70:  {
			P: "Size", "double", "Number", "",5.47286701202393
		}
		TypeFlags: "Skeleton"
	}
	NodeAttribute: 2386720529424, "NodeAttribute::shoulder.R", "LimbNode" {
		Properties70:  {
			P: "Size", "double", "Number", "",3.00359797477722
		}
		TypeFlags: "Skeleton"
	}
	NodeAttribute: 2386720534032, "NodeAttribute::upper_arm.R", "LimbNode" {
		Properties70:  {
			P: "Size", "double", "Number", "",2.34828996658325
		}
		TypeFlags: "Skeleton"
	}
	NodeAttribute: 2386720534416, "NodeAttribute::forearm.R", "LimbNode" {
		Properties70:  {
			P: "Size", "double", "Number", "",3.13255071640015
		}
		TypeFlags: "Skeleton"
	}
	NodeAttribute: 2386720532880, "NodeAttribute::hand.R", "LimbNode" {
		Properties70:  {
			P: "Size", "double", "Number", "",5.54159164428711
		}
		TypeFlags: "Skeleton"
	}
	NodeAttribute: 2386720528080, "NodeAttribute::pelvis.L", "LimbNode" {
		Properties70:  {
			P: "Size", "double", "Number", "",3.16468071937561
		}
		TypeFlags: "Skeleton"
	}
	NodeAttribute: 2386720523856, "NodeAttribute::pelvis.R", "LimbNode" {
		Properties70:  {
			P: "Size", "double", "Number", "",3.1727466583252
		}
		TypeFlags: "Skeleton"
	}
	NodeAttribute: 2386720532304, "NodeAttribute::thigh.L", "LimbNode" {
		Properties70:  {
			P: "Size", "double", "Number", "",2.33007216453552
		}
		TypeFlags: "Skeleton"
	}
	NodeAttribute: 2386720526736, "NodeAttribute::shin.L", "LimbNode" {
		Properties70:  {
			P: "Size", "double", "Number", "",2.86792755126953
		}
		TypeFlags: "Skeleton"
	}
	NodeAttribute: 2386720524432, "NodeAttribute::foot.L", "LimbNode" {
		Properties70:  {
			P: "Size", "double", "Number", "",3.22272825241089
		}
		TypeFlags: "Skeleton"
	}
	NodeAttribute: 2386720525200, "NodeAttribute::toe.L", "LimbNode" {
		Properties70:  {
			P: "Size", "double", "Number", "",2.65555262565613
		}
		TypeFlags: "Skeleton"
	}
	NodeAttribute: 2386720533072, "NodeAttribute::thigh.R", "LimbNode" {
		Properties70:  {
			P: "Size", "double", "Number", "",2.33012890815735
		}
		TypeFlags: "Skeleton"
	}
	NodeAttribute: 2386720530384, "NodeAttribute::shin.R", "LimbNode" {
		Properties70:  {
			P: "Size", "double", "Number", "",2.86725783348083
		}
		TypeFlags: "Skeleton"
	}
	NodeAttribute: 2386720525392, "NodeAttribute::foot.R", "LimbNode" {
		Properties70:  {
			P: "Size", "double", "Number", "",3.22272825241089
		}
		TypeFlags: "Skeleton"
	}
	NodeAttribute: 2386720525776, "NodeAttribute::toe.R", "LimbNode" {
		Properties70:  {
			P: "Size", "double", "Number", "",2.65555262565613
		}
		TypeFlags: "Skeleton"
	}
	Model: 2386690624256, "Model::metarig", "Null" {
		Version: 232
		Properties70:  {
			P: "PreRotation", "Vector3D", "Vector", "",-0,-90,0
			P: "RotationActive", "bool", "", "",1
			P: "InheritType", "enum", "", "",1
			P: "ScalingMax", "Vector3D", "Vector", "",0,0,0
			P: "DefaultAttributeIndex", "int", "Integer", "",0
			P: "Lcl Rotation", "Lcl Rotation", "", "A+",-89.9999923706055,89.9999847412109,0
			P: "Lcl Scaling", "Lcl Scaling", "", "A+",100,100,100
		}
		Shading: Y
		Culling: "CullingOff"
	}
	Model: 2386690602256, "Model::spine", "LimbNode" {
		Version: 232
		Properties70:  {
			P: "RotationActive", "bool", "", "",1
			P: "InheritType", "enum", "", "",1
			P: "ScalingMax", "Vector3D", "Vector", "",0,0,0
			P: "DefaultAttributeIndex", "int", "Integer", "",0
			P: "Lcl Translation", "Lcl Translation", "", "A+",-0.00301313563250005,0.00675542652606964,0.766633749008179
			P: "Lcl Rotation", "Lcl Rotation", "", "A+",86.5008087158203,0.0603534653782845,0.764434516429901
		}
		Shading: Y
		Culling: "CullingOff"
	}
	Model: 2386690616256, "Model::spine.001", "LimbNode" {
		Version: 232
		Properties70:  {
			P: "RotationActive", "bool", "", "",1
			P: "InheritType", "enum", "", "",1
			P: "ScalingMax", "Vector3D", "Vector", "",0,0,0
			P: "DefaultAttributeIndex", "int", "Integer", "",0
			P: "Lcl Translation", "Lcl Translation", "", "A+",1.4202669262886e-08,0.156536042690277,4.84287738800049e-08
			P: "Lcl Rotation", "Lcl Rotation", "", "A+",8.63623046875,-2.27731323242188,-0.07354736328125
			P: "Lcl Scaling", "Lcl Scaling", "", "A+",1,0.999999821186066,1.00000011920929
		}
		Shading: Y
		Culling: "CullingOff"
	}
	Model: 2386690634256, "Model::spine.002", "LimbNode" {
		Version: 232
		Properties70:  {
			P: "RotationActive", "bool", "", "",1
			P: "InheritType", "enum", "", "",1
			P: "ScalingMax", "Vector3D", "Vector", "",0,0,0
			P: "DefaultAttributeIndex", "int", "Integer", "",0
			P: "Lcl Translation", "Lcl Translation", "", "A+",0,0.126452401280403,0
			P: "Lcl Rotation", "Lcl Rotation", "", "A+",-12.63525390625,-7.01670912670559e-15,-7.01670912670559e-15
		}
		Shading: Y
		Culling: "CullingOff"
	}
	Model: 2386690636256, "Model::spine.003", "LimbNode" {
		Version: 232
		Properties70:  {
			P: "RotationActive", "bool", "", "",1
			P: "InheritType", "enum", "", "",1
			P: "ScalingMax", "Vector3D", "Vector", "",0,0,0
			P: "DefaultAttributeIndex", "int", "Integer", "",0
			P: "Lcl Translation", "Lcl Translation", "", "A+",2.09547579288483e-08,0.135405421257019,1.49011611938477e-07
			P: "Lcl Rotation", "Lcl Rotation", "", "A+",5.5629620552063,0.0403052605688572,0.0209214892238379
			P: "Lcl Scaling", "Lcl Scaling", "", "A+",1,0.999999821186066,0.999999821186066
		}
		Shading: Y
		Culling: "CullingOff"
	}
	Model: 2386690638256, "Model::spine.004", "LimbNode" {
		Version: 232
		Properties70:  {
			P: "RotationActive", "bool", "", "",1
			P: "InheritType", "enum", "", "",1
			P: "ScalingMax", "Vector3D", "Vector", "",0,0,0
			P: "DefaultAttributeIndex", "int", "Integer", "",0
			P: "Lcl Translation", "Lcl Translation", "", "A+",1.55996531248093e-08,0.184120178222656,-5.96046447753906e-08
			P: "Lcl Rotation", "Lcl Rotation", "", "A+",20.2505950927734,0.344955444335938,-0.728439331054688
			P: "Lcl Scaling", "Lcl Scaling", "", "A+",1,1,0.999999821186066
		}
		Shading: Y
		Culling: "CullingOff"
	}
	Model: 2386690642256, "Model::spine.005", "LimbNode" {
		Version: 232
		Properties70:  {
			P: "RotationActive", "bool", "", "",1
			P: "InheritType", "enum", "", "",1
			P: "ScalingMax", "Vector3D", "Vector", "",0,0,0
			P: "DefaultAttributeIndex", "int", "Integer", "",0
			P: "Lcl Translation", "Lcl Translation", "", "A+",1.67638063430786e-08,0.117625594139099,0
			P: "Lcl Rotation", "Lcl Rotation", "", "A+",-16.5316467285156,-0.115446977317333,0.681161999702454
			P: "Lcl Scaling", "Lcl Scaling", "", "A+",1,0.999999821186066,1
		}
		Shading: Y
		Culling: "CullingOff"
	}
	Model: 2386690612256, "Model::shoulder.L", "LimbNode" {
		Version: 232
		Properties70:  {
			P: "RotationActive", "bool", "", "",1
			P: "InheritType", "enum", "", "",1
			P: "ScalingMax", "Vector3D", "Vector", "",0,0,0
			P: "DefaultAttributeIndex", "int", "Integer", "",0
			P: "Lcl Translation", "Lcl Translation", "", "A+",0.0271403715014458,0.190253853797913,0.00413667038083076
			P: "Lcl Rotation", "Lcl Rotation", "", "A+",25.2827758789062,-73.9077224731445,-113.769515991211
			P: "Lcl Scaling", "Lcl Scaling", "", "A+",0.999999821186066,0.999999821186066,0.999999821186066
		}
		Shading: Y
		Culling: "CullingOff"
	}
	Model: 2386690640256, "Model::upper_arm.L", "LimbNode" {
		Version: 232
		Properties70:  {
			P: "RotationActive", "bool", "", "",1
			P: "InheritType", "enum", "", "",1
			P: "ScalingMax", "Vector3D", "Vector", "",0,0,0
			P: "DefaultAttributeIndex", "int", "Integer", "",0
			P: "Lcl Translation", "Lcl Translation", "", "A+",-0.00921794772148132,0.178763538599014,-0.0196846723556519
			P: "Lcl Rotation", "Lcl Rotation", "", "A+",-10.3135223388672,20.8202209472656,-98.2705535888672
			P: "Lcl Scaling", "Lcl Scaling", "", "A+",1,0.999999821186066,0.999999821186066
		}
		Shading: Y
		Culling: "CullingOff"
	}
	Model: 2386690620256, "Model::forearm.L", "LimbNode" {
		Version: 232
		Properties70:  {
			P: "RotationActive", "bool", "", "",1
			P: "InheritType", "enum", "", "",1
			P: "ScalingMax", "Vector3D", "Vector", "",0,0,0
			P: "DefaultAttributeIndex", "int", "Integer", "",0
			P: "Lcl Translation", "Lcl Translation", "", "A+",-1.19209289550781e-07,0.197035759687424,2.38418579101562e-07
			P: "Lcl Rotation", "Lcl Rotation", "", "A+",105.045349121094,-11.2598848342896,8.22204303741455
			P: "Lcl Scaling", "Lcl Scaling", "", "A+",0.999999821186066,0.999999821186066,1
		}
		Shading: Y
		Culling: "CullingOff"
	}
	Model: 2386690644256, "Model::hand.L", "LimbNode" {
		Version: 232
		Properties70:  {
			P: "RotationActive", "bool", "", "",1
			P: "InheritType", "enum", "", "",1
			P: "ScalingMax", "Vector3D", "Vector", "",0,0,0
			P: "DefaultAttributeIndex", "int", "Integer", "",0
			P: "Lcl Translation", "Lcl Translation", "", "A+",-1.19209289550781e-07,0.242479562759399,7.45058059692383e-09
			P: "Lcl Rotation", "Lcl Rotation", "", "A+",-4.60641479492188,3.09860229492188,-6.41842651367188
			P: "Lcl Scaling", "Lcl Scaling", "", "A+",0.999999821186066,1,0.999999821186066
		}
		Shading: Y
		Culling: "CullingOff"
	}
	Model: 2386690646256, "Model::shoulder.R", "LimbNode" {
		Version: 232
		Properties70:  {
			P: "RotationActive", "bool", "", "",1
			P: "InheritType", "enum", "", "",1
			P: "ScalingMax", "Vector3D", "Vector", "",0,0,0
			P: "DefaultAttributeIndex", "int", "Integer", "",0
			P: "Lcl Translation", "Lcl Translation", "", "A+",-0.0271403640508652,0.190253973007202,0.00413665361702442
			P: "Lcl Rotation", "Lcl Rotation", "", "A+",23.539176940918,75.0429763793945,104.503120422363
			P: "Lcl Scaling", "Lcl Scaling", "", "A+",1,1.00000011920929,1
		}
		Shading: Y
		Culling: "CullingOff"
	}
	Model: 2386690648256, "Model::upper_arm.R", "LimbNode" {
		Version: 232
		Properties70:  {
			P: "RotationActive", "bool", "", "",1
			P: "InheritType", "enum", "", "",1
			P: "ScalingMax", "Vector3D", "Vector", "",0,0,0
			P: "DefaultAttributeIndex", "int", "Integer", "",0
			P: "Lcl Translation", "Lcl Translation", "", "A+",0.00921779870986938,0.178763583302498,-0.0196845531463623
			P: "Lcl Rotation", "Lcl Rotation", "", "A+",-14.4239645004272,-60.6265068054199,130.880966186523
			P: "Lcl Scaling", "Lcl Scaling", "", "A+",0.999999821186066,1,0.999999821186066
		}
		Shading: Y
		Culling: "CullingOff"
	}
	Model: 2386690652256, "Model::forearm.R", "LimbNode" {
		Version: 232
		Properties70:  {
			P: "RotationActive", "bool", "", "",1
			P: "InheritType", "enum", "", "",1
			P: "ScalingMax", "Vector3D", "Vector", "",0,0,0
			P: "DefaultAttributeIndex", "int", "Integer", "",0
			P: "Lcl Translation", "Lcl Translation", "", "A+",-1.19209289550781e-07,0.197035700082779,-1.49011611938477e-07
			P: "Lcl Rotation", "Lcl Rotation", "", "A+",79.2378845214844,7.48348999023438,-8.36520385742188
			P: "Lcl Scaling", "Lcl Scaling", "", "A+",0.999999821186066,0.999999821186066,0.999999821186066
		}
		Shading: Y
		Culling: "CullingOff"
	}
	Model: 2386690650256, "Model::hand.R", "LimbNode" {
		Version: 232
		Properties70:  {
			P: "RotationActive", "bool", "", "",1
			P: "InheritType", "enum", "", "",1
			P: "ScalingMax", "Vector3D", "Vector", "",0,0,0
			P: "DefaultAttributeIndex", "int", "Integer", "",0
			P: "Lcl Translation", "Lcl Translation", "", "A+",2.38418579101562e-07,0.242479741573334,5.96046447753906e-08
			P: "Lcl Rotation", "Lcl Rotation", "", "A+",66.3754119873047,63.259708404541,68.5695495605469
			P: "Lcl Scaling", "Lcl Scaling", "", "A+",0.999999821186066,1,1.00000011920929
		}
		Shading: Y
		Culling: "CullingOff"
	}
	Model: 2386690622256, "Model::pelvis.L", "LimbNode" {
		Version: 232
		Properties70:  {
			P: "RotationActive", "bool", "", "",1
			P: "InheritType", "enum", "", "",1
			P: "ScalingMax", "Vector3D", "Vector", "",0,0,0
			P: "DefaultAttributeIndex", "int", "Integer", "",0
			P: "Lcl Translation", "Lcl Translation", "", "A+",0,0.00805620010942221,-0.0206966008991003
			P: "Lcl Rotation", "Lcl Rotation", "", "A+",117.19588470459,-75.9131393432617,-163.189834594727
			P: "Lcl Scaling", "Lcl Scaling", "", "A+",1.00000011920929,1.00000011920929,1
		}
		Shading: Y
		Culling: "CullingOff"
	}
	Model: 2386690654256, "Model::pelvis.R", "LimbNode" {
		Version: 232
		Properties70:  {
			P: "RotationActive", "bool", "", "",1
			P: "InheritType", "enum", "", "",1
			P: "ScalingMax", "Vector3D", "Vector", "",0,0,0
			P: "DefaultAttributeIndex", "int", "Integer", "",0
			P: "Lcl Translation", "Lcl Translation", "", "A+",0,0.00805620010942221,-0.0206966008991003
			P: "Lcl Rotation", "Lcl Rotation", "", "A+",117.195762634277,75.9132080078125,163.18977355957
			P: "Lcl Scaling", "Lcl Scaling", "", "A+",1.00000011920929,1,1
		}
		Shading: Y
		Culling: "CullingOff"
	}
	Model: 2386690656256, "Model::thigh.L", "LimbNode" {
		Version: 232
		Properties70:  {
			P: "RotationActive", "bool", "", "",1
			P: "InheritType", "enum", "", "",1
			P: "ScalingMax", "Vector3D", "Vector", "",0,0,0
			P: "DefaultAttributeIndex", "int", "Integer", "",0
			P: "Lcl Translation", "Lcl Translation", "", "A+",0.105214722454548,0.0975456237792969,-0.00724432244896889
			P: "Lcl Rotation", "Lcl Rotation", "", "A+",173.552200317383,10.0996856689453,2.84070181846619
			P: "Lcl Scaling", "Lcl Scaling", "", "A+",1.00000011920929,1.00000011920929,1.00000584125519
		}
		Shading: Y
		Culling: "CullingOff"
	}
	Model: 2386690658256, "Model::shin.L", "LimbNode" {
		Version: 232
		Properties70:  {
			P: "RotationActive", "bool", "", "",1
			P: "InheritType", "enum", "", "",1
			P: "ScalingMax", "Vector3D", "Vector", "",0,0,0
			P: "DefaultAttributeIndex", "int", "Integer", "",0
			P: "Lcl Translation", "Lcl Translation", "", "A+",2.98023223876953e-08,0.391098499298096,3.57627868652344e-07
			P: "Lcl Rotation", "Lcl Rotation", "", "A+",18.9189758300781,0.384109497070312,-2.33909606933594
			P: "Lcl Scaling", "Lcl Scaling", "", "A+",1,0.999999821186066,1
		}
		Shading: Y
		Culling: "CullingOff"
	}
	Model: 2386690660256, "Model::foot.L", "LimbNode" {
		Version: 232
		Properties70:  {
			P: "RotationActive", "bool", "", "",1
			P: "InheritType", "enum", "", "",1
			P: "ScalingMax", "Vector3D", "Vector", "",0,0,0
			P: "DefaultAttributeIndex", "int", "Integer", "",0
			P: "Lcl Translation", "Lcl Translation", "", "A+",0,0.407674372196198,1.44005753099918e-07
			P: "Lcl Rotation", "Lcl Rotation", "", "A+",-69.5343399047852,1.75861120223999,3.12823700904846
			P: "Lcl Scaling", "Lcl Scaling", "", "A+",1,0.999999821186066,0.999999821186066
		}
		Shading: Y
		Culling: "CullingOff"
	}
	Model: 2386690662256, "Model::toe.L", "LimbNode" {
		Version: 232
		Properties70:  {
			P: "RotationActive", "bool", "", "",1
			P: "InheritType", "enum", "", "",1
			P: "ScalingMax", "Vector3D", "Vector", "",0,0,0
			P: "DefaultAttributeIndex", "int", "Integer", "",0
			P: "Lcl Translation", "Lcl Translation", "", "A+",-2.98023223876953e-08,0.130335673689842,-7.45058059692383e-09
			P: "Lcl Rotation", "Lcl Rotation", "", "A+",-150.957336425781,0.294586181640625,-177.805160522461
			P: "Lcl Scaling", "Lcl Scaling", "", "A+",0.999999821186066,0.999999821186066,1
		}
		Shading: Y
		Culling: "CullingOff"
	}
	Model: 2384812904000, "Model::thigh.R", "LimbNode" {
		Version: 232
		Properties70:  {
			P: "RotationActive", "bool", "", "",1
			P: "InheritType", "enum", "", "",1
			P: "ScalingMax", "Vector3D", "Vector", "",0,0,0
			P: "DefaultAttributeIndex", "int", "Integer", "",0
			P: "Lcl Translation", "Lcl Translation", "", "A+",-0.105214908719063,0.0975512266159058,-0.00724184885621071
			P: "Lcl Rotation", "Lcl Rotation", "", "A+",173.697906494141,-8.65806579589844,-1.97132873535156
			P: "Lcl Scaling", "Lcl Scaling", "", "A+",0.999999821186066,1,1.00000071525574
		}
		Shading: Y
		Culling: "CullingOff"
	}
	Model: 2384812892000, "Model::shin.R", "LimbNode" {
		Version: 232
		Properties70:  {
			P: "RotationActive", "bool", "", "",1
			P: "InheritType", "enum", "", "",1
			P: "ScalingMax", "Vector3D", "Vector", "",0,0,0
			P: "DefaultAttributeIndex", "int", "Integer", "",0
			P: "Lcl Translation", "Lcl Translation", "", "A+",2.98023223876953e-08,0.391098737716675,5.96046447753906e-08
			P: "Lcl Rotation", "Lcl Rotation", "", "A+",19.2329254150391,-0.390295773744583,2.33738780021667
			P: "Lcl Scaling", "Lcl Scaling", "", "A+",0.999999821186066,0.999999821186066,0.999999821186066
		}
		Shading: Y
		Culling: "CullingOff"
	}
	Model: 2386802198896, "Model::foot.R", "LimbNode" {
		Version: 232
		Properties70:  {
			P: "RotationActive", "bool", "", "",1
			P: "InheritType", "enum", "", "",1
			P: "ScalingMax", "Vector3D", "Vector", "",0,0,0
			P: "DefaultAttributeIndex", "int", "Integer", "",0
			P: "Lcl Translation", "Lcl Translation", "", "A+",-7.45058059692383e-08,0.407674729824066,1.3597309589386e-07
			P: "Lcl Rotation", "Lcl Rotation", "", "A+",-70.1676483154297,-3.18045043945312,-2.24058532714844
		}
		Shading: Y
		Culling: "CullingOff"
	}
	Model: 2386802192896, "Model::toe.R", "LimbNode" {
		Version: 232
		Properties70:  {
			P: "RotationActive", "bool", "", "",1
			P: "InheritType", "enum", "", "",1
			P: "ScalingMax", "Vector3D", "Vector", "",0,0,0
			P: "DefaultAttributeIndex", "int", "Integer", "",0
			P: "Lcl Translation", "Lcl Translation", "", "A+",0,0.130336284637451,-8.19563865661621e-08
			P: "Lcl Rotation", "Lcl Rotation", "", "A+",-150.9111328125,-0.29278576374054,177.806274414062
			P: "Lcl Scaling", "Lcl Scaling", "", "A+",0.999999821186066,0.999999701976776,1
		}
		Shading: Y
		Culling: "CullingOff"
	}
	Pose: 2384844492784, "Pose::BindPose", "BindPose" {
		Type: "BindPose"
		Version: 100
		NbPoseNodes: 25
		PoseNode:  {
			Node: 2386690624256
			Matrix: *16 {
				a: 99.9999999999965,0,2.6631610894334e-05,0,2.66316108943338e-05,1.33158054421881e-05,-99.9999999999956,0,-3.54621349281009e-12,99.9999999999991,1.33158054421876e-05,0,0,0,0,1
			} 
		}
		PoseNode:  {
			Node: 2386802192896
			Matrix: *16 {
				a: -0.99925388871705,0.0382778737681958,0.00511005242672698,0,0.0309676814769432,0.873321095037252,-0.486159101139247,0,-0.0230718642871955,-0.485638357443085,-0.873855294003702,0,2.77555756156289e-17,0.130336284637451,-8.19563865869788e-08,1
			} 
		}
		PoseNode:  {
			Node: 2386802198896
			Matrix: *16 {
				a: 0.997696403961342,-0.0390354079382304,0.0554808295693429,0,0.0654142634411115,0.336969338728937,-0.939240458506255,0,0.0179682959977679,0.940706065508073,0.338746569953494,0,-7.45058059414827e-08,0.407674729824066,1.35973095888656e-07,1
			} 
		}
		PoseNode:  {
			Node: 2384812892000
			Matrix: *16 {
				a: 0.999144634200962,0.0407828449400468,0.00681189240850508,0,-0.0407495684387922,0.943309976637932,0.329401583207429,0,0.00700820887539289,-0.329397464935759,0.944165153706923,0,2.98023223599397e-08,0.391098737716675,5.96046447753906e-08,1
			} 
		}
		PoseNode:  {
			Node: 2384812904000
			Matrix: *16 {
				a: 0.988019061872915,-0.0340073789934755,0.15053728415885,0,-0.0507063073346115,-0.992800252321757,0.108519718882534,0,0.14576311281072,-0.114852843327281,-0.982630841076829,0,-0.105214908719063,0.0975512266159058,-0.00724184885621071,1
			} 
		}
		PoseNode:  {
			Node: 2386690662256
			Matrix: *16 {
				a: -0.99925298341532,-0.0382972941631609,-0.00514147522857406,0,-0.0309880229254102,0.873712518006774,-0.485454241598115,0,0.0230837634168604,-0.484932448501627,-0.874246910350121,0,-2.98023223876953e-08,0.130335673689842,-7.45058058304604e-09,1
			} 
		}
		PoseNode:  {
			Node: 2386690660256
			Matrix: *16 {
				a: 0.998039589120746,0.0545452105481089,-0.0306887365975741,0,-0.0477893687109968,0.34755585096019,-0.936440467447721,0,-0.0404122924996424,0.936071254716099,0.349481179867122,0,2.77555756156289e-17,0.407674372196198,1.44005753106857e-07,1
			} 
		}
		PoseNode:  {
			Node: 2386690658256
			Matrix: *16 {
				a: 0.999144325529961,-0.0408126714177052,-0.00670392519572152,0,0.0407805582407798,0.945100936970331,0.324223391166548,0,-0.00689653797895606,-0.324219409274971,0.945956770900919,0,2.98023223599397e-08,0.391098499298096,3.57627868707855e-07,1
			} 
		}
		PoseNode:  {
			Node: 2386690656256
			Matrix: *16 {
				a: 0.983294484215971,0.0487913321539981,-0.175361345899489,0,0.0689143345159536,-0.991477696291038,0.11055781597985,0,-0.168473544053452,-0.12079647789141,-0.978282453296386,0,0.105214722454548,0.097545623779297,-0.00724432244896889,1
			} 
		}
		PoseNode:  {
			Node: 2386690654256
			Matrix: *16 {
				a: -0.232990826899385,0.0703894564788083,-0.969928264056653,0,-0.693662744049069,0.686998135416585,0.216484547837605,0,0.681577057302798,0.723241928770754,-0.111237706855265,0,-4.33680868994202e-19,0.00805620010942221,-0.0206966008991003,1
			} 
		}
		PoseNode:  {
			Node: 2386690622256
			Matrix: *16 {
				a: -0.232992014595565,-0.0703895444451904,0.969927972370161,0,0.693661858100815,0.686998944235832,0.216485370530137,0,-0.681577637112985,0.723241229714369,-0.111238699330437,0,-4.33680868994202e-19,0.00805620010942221,-0.0206966008991003,1
			} 
		}
		PoseNode:  {
			Node: 2386690650256
			Matrix: *16 {
				a: 0.16439785002597,0.418838500844025,-0.893055037212003,0,-0.0740853458452321,0.908059282038815,0.412237433809868,0,0.983608117818618,-0.00160865700730489,0.180312842589044,0,2.38418579101562e-07,0.242479741573334,5.96046447753906e-08,1
			} 
		}
		PoseNode:  {
			Node: 2386690652256
			Matrix: *16 {
				a: 0.980933743797003,-0.144243028970767,-0.130240474683941,0,0.153754539467085,0.166130678631405,0.974043008076593,0,-0.118861996642427,-0.975496893169308,0.185141242146013,0,-1.19209289550781e-07,0.197035700082779,-1.49011611882965e-07,1
			} 
		}
		PoseNode:  {
			Node: 2386690648256
			Matrix: *16 {
				a: -0.321027556917059,0.370853218743104,0.871440669363043,0,-0.874309949401694,-0.46973806962629,-0.122181251920966,0,0.364037547275486,-0.801132796342636,0.475039523797801,0,0.00921779870986938,0.178763583302498,-0.0196845531463623,1
			} 
		}
		PoseNode:  {
			Node: 2386690646256
			Matrix: *16 {
				a: -0.064635298209207,0.249870014318628,-0.966119689360389,0,-0.984201216100953,0.143956202675783,0.103076749828307,0,0.164834691116319,0.957518455486064,0.236617691663515,0,-0.0271403640508652,0.190253973007202,0.00413665361702443,1
			} 
		}
		PoseNode:  {
			Node: 2386690644256
			Matrix: *16 {
				a: 0.992278994668938,-0.111625069526256,-0.054054444444689,0,0.107113505374487,0.991007448233306,-0.0801931076371322,0,0.0625199182703216,0.0737839752000104,0.995312426927003,0,-1.19209289550781e-07,0.242479562759399,7.45058055529046e-09,1
			} 
		}
		PoseNode:  {
			Node: 2386690620256
			Matrix: *16 {
				a: 0.970670568368479,0.140256981329468,0.195259492121951,0,-0.149504956895846,-0.283882043262404,0.947131931543276,0,0.188272596560488,-0.948545691490588,-0.25458692138249,0,-1.19209289550781e-07,0.197035759687424,2.38418578879518e-07,1
			} 
		}
		PoseNode:  {
			Node: 2386690640256
			Matrix: *16 {
				a: -0.134454420251322,-0.924979268288785,-0.355436860934295,0,0.982764327173933,-0.078549828172248,-0.167343491360259,0,0.126869755838831,-0.371810739602583,0.919597999857404,0,-0.00921794772148121,0.178763538599014,-0.0196846723556519,1
			} 
		}
		PoseNode:  {
			Node: 2386690612256
			Matrix: *16 {
				a: -0.111721795519422,-0.253672668605298,0.960816350808388,0,0.992905993658765,0.0110931130417451,0.118381894611072,0,-0.0406887027881232,0.967226324299475,0.250633815395509,0,0.0271403715014458,0.190253853797913,0.00413667038083077,1
			} 
		}
		PoseNode:  {
			Node: 2386690642256
			Matrix: *16 {
				a: 0.999927302555746,0.0118882154557299,0.00201492850224643,0,-0.0108235130096849,0.958601613847324,-0.284544266973696,0,-0.00531423821677627,0.284501823600742,0.95866076963649,0,1.67638063500175e-08,0.117625594139099,-5.55111512312578e-17,1
			} 
		}
		PoseNode:  {
			Node: 2386690638256
			Matrix: *16 {
				a: 0.999901060110654,-0.0127130918165508,-0.00602057190418352,0,0.0140111959454801,0.938085425900439,0.346120528286564,0,0.00124754848012098,-0.346170576672314,0.938170569694717,0,1.55996531248093e-08,0.184120178222656,-5.96046447753906e-08,1
			} 
		}
		PoseNode:  {
			Node: 2386690636256
			Matrix: *16 {
				a: 0.999999685905542,0.000365148772914126,-0.000703459444782357,0,-0.000295236035232699,0.995290053524591,0.0969394891819816,0,0.000735543523971535,-0.0969392510472478,0.995289848714577,0,2.09547579288483e-08,0.135405421257019,1.49011611938477e-07,1
			} 
		}
		PoseNode:  {
			Node: 2386690634256
			Matrix: *16 {
				a: 1,-1.23165366794353e-16,1.17961196366423e-16,0,1.45283091113058e-16,0.975782354386119,-0.218743678465648,0,-9.0205620750794e-17,0.218743678465648,0.975782354386119,0,4.33680868994202e-19,0.126452401280403,0,1
			} 
		}
		PoseNode:  {
			Node: 2386690616256
			Matrix: *16 {
				a: 0.999209384101845,-0.00128262948082504,0.0397361495923628,0,-0.0046977072449291,0.988668293978122,0.150041922145764,0,-0.0394783311849027,-0.150110010150815,0.987880906100513,0,1.42026692624524e-08,0.156536042690277,4.8428773873066e-08,1
			} 
		}
		PoseNode:  {
			Node: 2386690602256
			Matrix: *16 {
				a: 0.999910443441494,0.0133414960057438,-0.00105336649104014,0,0.000237017743667543,0.0610430462169383,0.998135106251226,0,0.0133809162326393,-0.998045966372735,0.0610344172405179,0,-0.00301313563250005,0.00675542652606964,0.766633749008179,1
			} 
		}
	}
	AnimationStack: 2386265668368, "AnimStack::block-top-left", "" {
	}
	AnimationCurve: 2386758019856, "AnimCurve::", "" {
		Default: 0
		KeyVer: 4009
		KeyTime: *2 {
			a: 0,7697693000
		} 
		KeyValueFloat: *2 {
			a: 0,0
		} 
		;KeyAttrFlags: Cubic|TangeantAuto|GenericTimeIndependent, Cubic|TangeantAuto|GenericTimeIndependent
		KeyAttrFlags: *2 {
			a: 8456,8456
		} 
		;KeyAttrDataFloat: RightAuto:0, NextLeftAuto:0; RightAuto:0, NextLeftAuto:0
		KeyAttrDataFloat: *8 {
			a: 0,0,218434821,0,0,0,218434821,0
		} 
		KeyAttrRefCount: *2 {
			a: 1,1
		} 
	}
	AnimationCurve: 2386758020176, "AnimCurve::", "" {
		Default: 0
		KeyVer: 4009
		KeyTime: *2 {
			a: 0,7697693000
		} 
		KeyValueFloat: *2 {
			a: 0,0
		} 
		;KeyAttrFlags: Cubic|TangeantAuto|GenericTimeIndependent, Cubic|TangeantAuto|GenericTimeIndependent
		KeyAttrFlags: *2 {
			a: 8456,8456
		} 
		;KeyAttrDataFloat: RightAuto:0, NextLeftAuto:0; RightAuto:0, NextLeftAuto:0
		KeyAttrDataFloat: *8 {
			a: 0,0,218434821,0,0,0,218434821,0
		} 
		KeyAttrRefCount: *2 {
			a: 1,1
		} 
	}
	AnimationCurve: 2386758019216, "AnimCurve::", "" {
		Default: 0
		KeyVer: 4009
		KeyTime: *2 {
			a: 0,7697693000
		} 
		KeyValueFloat: *2 {
			a: 0,0
		} 
		;KeyAttrFlags: Cubic|TangeantAuto|GenericTimeIndependent, Cubic|TangeantAuto|GenericTimeIndependent
		KeyAttrFlags: *2 {
			a: 8456,8456
		} 
		;KeyAttrDataFloat: RightAuto:0, NextLeftAuto:0; RightAuto:0, NextLeftAuto:0
		KeyAttrDataFloat: *8 {
			a: 0,0,218434821,0,0,0,218434821,0
		} 
		KeyAttrRefCount: *2 {
			a: 1,1
		} 
	}
	AnimationCurve: 2386758018576, "AnimCurve::", "" {
		Default: -89.9999847412109
		KeyVer: 4009
		KeyTime: *2 {
			a: 0,7697693000
		} 
		KeyValueFloat: *2 {
			a: -89.99998,-89.99998
		} 
		;KeyAttrFlags: Cubic|TangeantAuto|GenericTimeIndependent, Cubic|TangeantAuto|GenericTimeIndependent
		KeyAttrFlags: *2 {
			a: 8456,8456
		} 
		;KeyAttrDataFloat: RightAuto:0, NextLeftAuto:0; RightAuto:0, NextLeftAuto:0
		KeyAttrDataFloat: *8 {
			a: 0,0,218434821,0,0,0,218434821,0
		} 
		KeyAttrRefCount: *2 {
			a: 1,1
		} 
	}
	AnimationCurve: 2386758020336, "AnimCurve::", "" {
		Default: 89.9999847412109
		KeyVer: 4009
		KeyTime: *2 {
			a: 0,7697693000
		} 
		KeyValueFloat: *2 {
			a: 89.99998,89.99998
		} 
		;KeyAttrFlags: Cubic|TangeantAuto|GenericTimeIndependent, Cubic|TangeantAuto|GenericTimeIndependent
		KeyAttrFlags: *2 {
			a: 8456,8456
		} 
		;KeyAttrDataFloat: RightAuto:0, NextLeftAuto:0; RightAuto:0, NextLeftAuto:0
		KeyAttrDataFloat: *8 {
			a: 0,0,218434821,0,0,0,218434821,0
		} 
		KeyAttrRefCount: *2 {
			a: 1,1
		} 
	}
	AnimationCurve: 2386758019376, "AnimCurve::", "" {
		Default: 0
		KeyVer: 4009
		KeyTime: *2 {
			a: 0,7697693000
		} 
		KeyValueFloat: *2 {
			a: 0,0
		} 
		;KeyAttrFlags: Cubic|TangeantAuto|GenericTimeIndependent, Cubic|TangeantAuto|GenericTimeIndependent
		KeyAttrFlags: *2 {
			a: 8456,8456
		} 
		;KeyAttrDataFloat: RightAuto:0, NextLeftAuto:0; RightAuto:0, NextLeftAuto:0
		KeyAttrDataFloat: *8 {
			a: 0,0,218434821,0,0,0,218434821,0
		} 
		KeyAttrRefCount: *2 {
			a: 1,1
		} 
	}
	AnimationCurve: 2386758014096, "AnimCurve::", "" {
		Default: 100
		KeyVer: 4009
		KeyTime: *2 {
			a: 0,7697693000
		} 
		KeyValueFloat: *2 {
			a: 100,100
		} 
		;KeyAttrFlags: Cubic|TangeantAuto|GenericTimeIndependent, Cubic|TangeantAuto|GenericTimeIndependent
		KeyAttrFlags: *2 {
			a: 8456,8456
		} 
		;KeyAttrDataFloat: RightAuto:0, NextLeftAuto:0; RightAuto:0, NextLeftAuto:0
		KeyAttrDataFloat: *8 {
			a: 0,0,218434821,0,0,0,218434821,0
		} 
		KeyAttrRefCount: *2 {
			a: 1,1
		} 
	}
	AnimationCurve: 2386758021136, "AnimCurve::", "" {
		Default: 100
		KeyVer: 4009
		KeyTime: *2 {
			a: 0,7697693000
		} 
		KeyValueFloat: *2 {
			a: 100,100
		} 
		;KeyAttrFlags: Cubic|TangeantAuto|GenericTimeIndependent, Cubic|TangeantAuto|GenericTimeIndependent
		KeyAttrFlags: *2 {
			a: 8456,8456
		} 
		;KeyAttrDataFloat: RightAuto:0, NextLeftAuto:0; RightAuto:0, NextLeftAuto:0
		KeyAttrDataFloat: *8 {
			a: 0,0,218434821,0,0,0,218434821,0
		} 
		KeyAttrRefCount: *2 {
			a: 1,1
		} 
	}
	AnimationCurve: 2386758018416, "AnimCurve::", "" {
		Default: 100
		KeyVer: 4009
		KeyTime: *2 {
			a: 0,7697693000
		} 
		KeyValueFloat: *2 {
			a: 100,100
		} 
		;KeyAttrFlags: Cubic|TangeantAuto|GenericTimeIndependent, Cubic|TangeantAuto|GenericTimeIndependent
		KeyAttrFlags: *2 {
			a: 8456,8456
		} 
		;KeyAttrDataFloat: RightAuto:0, NextLeftAuto:0; RightAuto:0, NextLeftAuto:0
		KeyAttrDataFloat: *8 {
			a: 0,0,218434821,0,0,0,218434821,0
		} 
		KeyAttrRefCount: *2 {
			a: 1,1
		} 
	}
	AnimationCurve: 2386758013776, "AnimCurve::", "" {
		Default: -0.00301313563250005
		KeyVer: 4009
		KeyTime: *2 {
			a: 0,7697693000
		} 
		KeyValueFloat: *2 {
			a: -0.003013136,-0.003013136
		} 
		;KeyAttrFlags: Cubic|TangeantAuto|GenericTimeIndependent, Cubic|TangeantAuto|GenericTimeIndependent
		KeyAttrFlags: *2 {
			a: 8456,8456
		} 
		;KeyAttrDataFloat: RightAuto:0, NextLeftAuto:0; RightAuto:0, NextLeftAuto:0
		KeyAttrDataFloat: *8 {
			a: 0,0,218434821,0,0,0,218434821,0
		} 
		KeyAttrRefCount: *2 {
			a: 1,1
		} 
	}
	AnimationCurve: 2386758015536, "AnimCurve::", "" {
		Default: 0.00675542652606964
		KeyVer: 4009
		KeyTime: *2 {
