; FBX 7.7.0 project file
; ----------------------------------------------------

FBXHeaderExtension:  {
	FBXHeaderVersion: 1004
	FBXVersion: 7700
	CreationTimeStamp:  {
		Version: 1000
		Year: 2023
		Month: 3
		Day: 8
		Hour: 1
		Minute: 13
		Second: 13
		Millisecond: 433
	}
	Creator: "FBX SDK/FBX Plugins version 2020.2"
	OtherFlags:  {
		TCDefinition: 127
	}
	SceneInfo: "SceneInfo::GlobalInfo", "UserData" {
		Type: "UserData"
		Version: 100
		MetaData:  {
			Version: 100
			Title: ""
			Subject: ""
			Author: ""
			Keywords: ""
			Revision: ""
			Comment: ""
		}
		Properties70:  {
			P: "DocumentUrl", "KString", "Url", "", "C:\Users\patri\Documents\work-folder\game-dev\Unity\uppercut-city\Assets\Characters\Common\BoxerAnimations\block-bottom-right.fbx"
			P: "SrcDocumentUrl", "KString", "Url", "", "C:\Users\patri\Documents\work-folder\game-dev\Unity\uppercut-city\Assets\Characters\Common\BoxerAnimations\block-bottom-right.fbx"
			P: "Original", "Compound", "", ""
			P: "Original|ApplicationVendor", "KString", "", "", ""
			P: "Original|ApplicationName", "KString", "", "", ""
			P: "Original|ApplicationVersion", "KString", "", "", ""
			P: "Original|DateTime_GMT", "DateTime", "", "", ""
			P: "Original|FileName", "KString", "", "", ""
			P: "LastSaved", "Compound", "", ""
			P: "LastSaved|ApplicationVendor", "KString", "", "", ""
			P: "LastSaved|ApplicationName", "KString", "", "", ""
			P: "LastSaved|ApplicationVersion", "KString", "", "", ""
			P: "LastSaved|DateTime_GMT", "DateTime", "", "", ""
		}
	}
}
GlobalSettings:  {
	Version: 1000
	Properties70:  {
		P: "UpAxis", "int", "Integer", "",1
		P: "UpAxisSign", "int", "Integer", "",1
		P: "FrontAxis", "int", "Integer", "",2
		P: "FrontAxisSign", "int", "Integer", "",1
		P: "CoordAxis", "int", "Integer", "",0
		P: "CoordAxisSign", "int", "Integer", "",1
		P: "OriginalUpAxis", "int", "Integer", "",-1
		P: "OriginalUpAxisSign", "int", "Integer", "",1
		P: "UnitScaleFactor", "double", "Number", "",1
		P: "OriginalUnitScaleFactor", "double", "Number", "",1
		P: "AmbientColor", "ColorRGB", "Color", "",0,0,0
		P: "DefaultCamera", "KString", "", "", "Producer Perspective"
		P: "TimeMode", "enum", "", "",6
		P: "TimeProtocol", "enum", "", "",2
		P: "SnapOnFrameMode", "enum", "", "",0
		P: "TimeSpanStart", "KTime", "Time", "",0
		P: "TimeSpanStop", "KTime", "Time", "",46186158000
		P: "CustomFrameRate", "double", "Number", "",-1
		P: "TimeMarker", "Compound", "", ""
		P: "CurrentTimeMarker", "int", "Integer", "",-1
	}
}

; Documents Description
;------------------------------------------------------------------

Documents:  {
	Count: 1
	Document: 1628696256224, "myScene", "Scene" {
		Properties70:  {
			P: "SourceObject", "object", "", ""
			P: "ActiveAnimStackName", "KString", "", "", ""
		}
		RootNode: 0
	}
}

; Document References
;------------------------------------------------------------------

References:  {
}

; Object definitions
;------------------------------------------------------------------

Definitions:  {
	Version: 100
	Count: 354
	ObjectType: "GlobalSettings" {
		Count: 1
	}
	ObjectType: "NodeAttribute" {
		Count: 25
		PropertyTemplate: "FbxNull" {
			Properties70:  {
				P: "Color", "ColorRGB", "Color", "",0.8,0.8,0.8
				P: "Size", "double", "Number", "",100
				P: "Look", "enum", "", "",1
			}
		}
	}
	ObjectType: "Model" {
		Count: 25
		PropertyTemplate: "FbxNode" {
			Properties70:  {
				P: "QuaternionInterpolate", "enum", "", "",0
				P: "RotationOffset", "Vector3D", "Vector", "",0,0,0
				P: "RotationPivot", "Vector3D", "Vector", "",0,0,0
				P: "ScalingOffset", "Vector3D", "Vector", "",0,0,0
				P: "ScalingPivot", "Vector3D", "Vector", "",0,0,0
				P: "TranslationActive", "bool", "", "",0
				P: "TranslationMin", "Vector3D", "Vector", "",0,0,0
				P: "TranslationMax", "Vector3D", "Vector", "",0,0,0
				P: "TranslationMinX", "bool", "", "",0
				P: "TranslationMinY", "bool", "", "",0
				P: "TranslationMinZ", "bool", "", "",0
				P: "TranslationMaxX", "bool", "", "",0
				P: "TranslationMaxY", "bool", "", "",0
				P: "TranslationMaxZ", "bool", "", "",0
				P: "RotationOrder", "enum", "", "",0
				P: "RotationSpaceForLimitOnly", "bool", "", "",0
				P: "RotationStiffnessX", "double", "Number", "",0
				P: "RotationStiffnessY", "double", "Number", "",0
				P: "RotationStiffnessZ", "double", "Number", "",0
				P: "AxisLen", "double", "Number", "",10
				P: "PreRotation", "Vector3D", "Vector", "",0,0,0
				P: "PostRotation", "Vector3D", "Vector", "",0,0,0
				P: "RotationActive", "bool", "", "",0
				P: "RotationMin", "Vector3D", "Vector", "",0,0,0
				P: "RotationMax", "Vector3D", "Vector", "",0,0,0
				P: "RotationMinX", "bool", "", "",0
				P: "RotationMinY", "bool", "", "",0
				P: "RotationMinZ", "bool", "", "",0
				P: "RotationMaxX", "bool", "", "",0
				P: "RotationMaxY", "bool", "", "",0
				P: "RotationMaxZ", "bool", "", "",0
				P: "InheritType", "enum", "", "",0
				P: "ScalingActive", "bool", "", "",0
				P: "ScalingMin", "Vector3D", "Vector", "",0,0,0
				P: "ScalingMax", "Vector3D", "Vector", "",1,1,1
				P: "ScalingMinX", "bool", "", "",0
				P: "ScalingMinY", "bool", "", "",0
				P: "ScalingMinZ", "bool", "", "",0
				P: "ScalingMaxX", "bool", "", "",0
				P: "ScalingMaxY", "bool", "", "",0
				P: "ScalingMaxZ", "bool", "", "",0
				P: "GeometricTranslation", "Vector3D", "Vector", "",0,0,0
				P: "GeometricRotation", "Vector3D", "Vector", "",0,0,0
				P: "GeometricScaling", "Vector3D", "Vector", "",1,1,1
				P: "MinDampRangeX", "double", "Number", "",0
				P: "MinDampRangeY", "double", "Number", "",0
				P: "MinDampRangeZ", "double", "Number", "",0
				P: "MaxDampRangeX", "double", "Number", "",0
				P: "MaxDampRangeY", "double", "Number", "",0
				P: "MaxDampRangeZ", "double", "Number", "",0
				P: "MinDampStrengthX", "double", "Number", "",0
				P: "MinDampStrengthY", "double", "Number", "",0
				P: "MinDampStrengthZ", "double", "Number", "",0
				P: "MaxDampStrengthX", "double", "Number", "",0
				P: "MaxDampStrengthY", "double", "Number", "",0
				P: "MaxDampStrengthZ", "double", "Number", "",0
				P: "PreferedAngleX", "double", "Number", "",0
				P: "PreferedAngleY", "double", "Number", "",0
				P: "PreferedAngleZ", "double", "Number", "",0
				P: "LookAtProperty", "object", "", ""
				P: "UpVectorProperty", "object", "", ""
				P: "Show", "bool", "", "",1
				P: "NegativePercentShapeSupport", "bool", "", "",1
				P: "DefaultAttributeIndex", "int", "Integer", "",-1
				P: "Freeze", "bool", "", "",0
				P: "LODBox", "bool", "", "",0
				P: "Lcl Translation", "Lcl Translation", "", "A",0,0,0
				P: "Lcl Rotation", "Lcl Rotation", "", "A",0,0,0
				P: "Lcl Scaling", "Lcl Scaling", "", "A",1,1,1
				P: "Visibility", "Visibility", "", "A",1
				P: "Visibility Inheritance", "Visibility Inheritance", "", "",1
			}
		}
	}
	ObjectType: "Pose" {
		Count: 1
	}
	ObjectType: "AnimationStack" {
		Count: 1
		PropertyTemplate: "FbxAnimStack" {
			Properties70:  {
				P: "Description", "KString", "", "", ""
				P: "LocalStart", "KTime", "Time", "",0
				P: "LocalStop", "KTime", "Time", "",0
				P: "ReferenceStart", "KTime", "Time", "",0
				P: "ReferenceStop", "KTime", "Time", "",0
			}
		}
	}
	ObjectType: "AnimationLayer" {
		Count: 1
		PropertyTemplate: "FbxAnimLayer" {
			Properties70:  {
				P: "Weight", "Number", "", "A",100
				P: "Mute", "bool", "", "",0
				P: "Solo", "bool", "", "",0
				P: "Lock", "bool", "", "",0
				P: "Color", "ColorRGB", "Color", "",0.8,0.8,0.8
				P: "BlendMode", "enum", "", "",0
				P: "RotationAccumulationMode", "enum", "", "",0
				P: "ScaleAccumulationMode", "enum", "", "",0
				P: "BlendModeBypass", "ULongLong", "", "",0
			}
		}
	}
	ObjectType: "AnimationCurveNode" {
		Count: 75
		PropertyTemplate: "FbxAnimCurveNode" {
			Properties70:  {
				P: "d", "Compound", "", ""
			}
		}
	}
	ObjectType: "AnimationCurve" {
		Count: 225
	}
}

; Object properties
;------------------------------------------------------------------

Objects:  {
	NodeAttribute: 1628717957840, "NodeAttribute::", "Null" {
		TypeFlags: "Null"
	}
	NodeAttribute: 1623554231488, "NodeAttribute::spine", "LimbNode" {
		Properties70:  {
			P: "Size", "double", "Number", "",3.28587698936462
		}
		TypeFlags: "Skeleton"
	}
	NodeAttribute: 1623554232448, "NodeAttribute::spine.001", "LimbNode" {
		Properties70:  {
			P: "Size", "double", "Number", "",2.95710468292236
		}
		TypeFlags: "Skeleton"
	}
	NodeAttribute: 1623554222080, "NodeAttribute::spine.002", "LimbNode" {
		Properties70:  {
			P: "Size", "double", "Number", "",2.50252175331116
		}
		TypeFlags: "Skeleton"
	}
	NodeAttribute: 1623554227648, "NodeAttribute::spine.003", "LimbNode" {
		Properties70:  {
			P: "Size", "double", "Number", "",3.05492115020752
		}
		TypeFlags: "Skeleton"
	}
	NodeAttribute: 1623554226112, "NodeAttribute::spine.004", "LimbNode" {
		Properties70:  {
			P: "Size", "double", "Number", "",5.68054151535034
		}
		TypeFlags: "Skeleton"
	}
	NodeAttribute: 1623554230528, "NodeAttribute::spine.005", "LimbNode" {
		Properties70:  {
			P: "Size", "double", "Number", "",6.89283752441406
		}
		TypeFlags: "Skeleton"
	}
	NodeAttribute: 1623554220352, "NodeAttribute::shoulder.L", "LimbNode" {
		Properties70:  {
			P: "Size", "double", "Number", "",3.00270175933838
		}
		TypeFlags: "Skeleton"
	}
	NodeAttribute: 1623554230720, "NodeAttribute::upper_arm.L", "LimbNode" {
		Properties70:  {
			P: "Size", "double", "Number", "",2.34677624702454
		}
		TypeFlags: "Skeleton"
	}
	NodeAttribute: 1623554223040, "NodeAttribute::forearm.L", "LimbNode" {
		Properties70:  {
			P: "Size", "double", "Number", "",3.18843913078308
		}
		TypeFlags: "Skeleton"
	}
	NodeAttribute: 1623554224576, "NodeAttribute::hand.L", "LimbNode" {
		Properties70:  {
			P: "Size", "double", "Number", "",5.47286701202393
		}
		TypeFlags: "Skeleton"
	}
	NodeAttribute: 1623554227840, "NodeAttribute::shoulder.R", "LimbNode" {
		Properties70:  {
			P: "Size", "double", "Number", "",3.00359797477722
		}
		TypeFlags: "Skeleton"
	}
	NodeAttribute: 1623554228800, "NodeAttribute::upper_arm.R", "LimbNode" {
		Properties70:  {
			P: "Size", "double", "Number", "",2.34828996658325
		}
		TypeFlags: "Skeleton"
	}
	NodeAttribute: 1623554224384, "NodeAttribute::forearm.R", "LimbNode" {
		Properties70:  {
			P: "Size", "double", "Number", "",3.13255071640015
		}
		TypeFlags: "Skeleton"
	}
	NodeAttribute: 1623554228992, "NodeAttribute::hand.R", "LimbNode" {
		Properties70:  {
			P: "Size", "double", "Number", "",5.54159164428711
		}
		TypeFlags: "Skeleton"
	}
	NodeAttribute: 1623554222656, "NodeAttribute::pelvis.L", "LimbNode" {
		Properties70:  {
			P: "Size", "double", "Number", "",3.16468071937561
		}
		TypeFlags: "Skeleton"
	}
	NodeAttribute: 1623554220928, "NodeAttribute::pelvis.R", "LimbNode" {
		Properties70:  {
			P: "Size", "double", "Number", "",3.1727466583252
		}
		TypeFlags: "Skeleton"
	}
	NodeAttribute: 1623554229952, "NodeAttribute::thigh.L", "LimbNode" {
		Properties70:  {
			P: "Size", "double", "Number", "",2.33007216453552
		}
		TypeFlags: "Skeleton"
	}
	NodeAttribute: 1623554221120, "NodeAttribute::shin.L", "LimbNode" {
		Properties70:  {
			P: "Size", "double", "Number", "",2.86792755126953
		}
		TypeFlags: "Skeleton"
	}
	NodeAttribute: 1623554224768, "NodeAttribute::foot.L", "LimbNode" {
		Properties70:  {
			P: "Size", "double", "Number", "",3.22272825241089
		}
		TypeFlags: "Skeleton"
	}
	NodeAttribute: 1623554225536, "NodeAttribute::toe.L", "LimbNode" {
		Properties70:  {
			P: "Size", "double", "Number", "",2.65555262565613
		}
		TypeFlags: "Skeleton"
	}
	NodeAttribute: 1623554226880, "NodeAttribute::thigh.R", "LimbNode" {
		Properties70:  {
			P: "Size", "double", "Number", "",2.33012890815735
		}
		TypeFlags: "Skeleton"
	}
	NodeAttribute: 1623554226304, "NodeAttribute::shin.R", "LimbNode" {
		Properties70:  {
			P: "Size", "double", "Number", "",2.86725783348083
		}
		TypeFlags: "Skeleton"
	}
	NodeAttribute: 1623554221312, "NodeAttribute::foot.R", "LimbNode" {
		Properties70:  {
			P: "Size", "double", "Number", "",3.22272825241089
		}
		TypeFlags: "Skeleton"
	}
	NodeAttribute: 1623554221504, "NodeAttribute::toe.R", "LimbNode" {
		Properties70:  {
			P: "Size", "double", "Number", "",2.65555262565613
		}
		TypeFlags: "Skeleton"
	}
	Model: 1624626669440, "Model::metarig", "Null" {
		Version: 232
		Properties70:  {
			P: "PreRotation", "Vector3D", "Vector", "",-0,-90,0
			P: "RotationActive", "bool", "", "",1
			P: "InheritType", "enum", "", "",1
			P: "ScalingMax", "Vector3D", "Vector", "",0,0,0
			P: "DefaultAttributeIndex", "int", "Integer", "",0
			P: "Lcl Rotation", "Lcl Rotation", "", "A+",-89.9999923706055,89.9999847412109,0
			P: "Lcl Scaling", "Lcl Scaling", "", "A+",100,100,100
		}
		Shading: Y
		Culling: "CullingOff"
	}
	Model: 1624626683440, "Model::spine", "LimbNode" {
		Version: 232
		Properties70:  {
			P: "RotationActive", "bool", "", "",1
			P: "InheritType", "enum", "", "",1
			P: "ScalingMax", "Vector3D", "Vector", "",0,0,0
			P: "DefaultAttributeIndex", "int", "Integer", "",0
			P: "Lcl Translation", "Lcl Translation", "", "A+",0.00326075288467109,0.00675750384107232,0.766633808612823
			P: "Lcl Rotation", "Lcl Rotation", "", "A+",86.4999465942383,-0.0060945563018322,1.42208302021027
		}
		Shading: Y
		Culling: "CullingOff"
	}
	Model: 1628736957904, "Model::spine.001", "LimbNode" {
		Version: 232
		Properties70:  {
			P: "RotationActive", "bool", "", "",1
			P: "InheritType", "enum", "", "",1
			P: "ScalingMax", "Vector3D", "Vector", "",0,0,0
			P: "DefaultAttributeIndex", "int", "Integer", "",0
			P: "Lcl Translation", "Lcl Translation", "", "A+",1.23400241136551e-08,0.156536281108856,2.23517417907715e-08
			P: "Lcl Rotation", "Lcl Rotation", "", "A+",8.63435363769531,-0.299957275390625,-0.0134429931640625
			P: "Lcl Scaling", "Lcl Scaling", "", "A+",1,0.999999821186066,1.00000011920929
		}
		Shading: Y
		Culling: "CullingOff"
	}
	Model: 1628736931904, "Model::spine.002", "LimbNode" {
		Version: 232
		Properties70:  {
			P: "RotationActive", "bool", "", "",1
			P: "InheritType", "enum", "", "",1
			P: "ScalingMax", "Vector3D", "Vector", "",0,0,0
			P: "DefaultAttributeIndex", "int", "Integer", "",0
			P: "Lcl Translation", "Lcl Translation", "", "A+",0,0.126452401280403,0
			P: "Lcl Rotation", "Lcl Rotation", "", "A+",-12.63525390625,-7.01670912670559e-15,-7.01670912670559e-15
		}
		Shading: Y
		Culling: "CullingOff"
	}
	Model: 1624635086368, "Model::spine.003", "LimbNode" {
		Version: 232
		Properties70:  {
			P: "RotationActive", "bool", "", "",1
			P: "InheritType", "enum", "", "",1
			P: "ScalingMax", "Vector3D", "Vector", "",0,0,0
			P: "DefaultAttributeIndex", "int", "Integer", "",0
			P: "Lcl Translation", "Lcl Translation", "", "A+",-1.30385160446167e-08,0.135405540466309,2.98023223876953e-08
			P: "Lcl Rotation", "Lcl Rotation", "", "A+",5.56312561035156,-0.293167114257812,-0.048553466796875
			P: "Lcl Scaling", "Lcl Scaling", "", "A+",1,0.999999821186066,0.999999821186066
		}
		Shading: Y
		Culling: "CullingOff"
	}
	Model: 1624635074368, "Model::spine.004", "LimbNode" {
		Version: 232
		Properties70:  {
			P: "RotationActive", "bool", "", "",1
			P: "InheritType", "enum", "", "",1
			P: "ScalingMax", "Vector3D", "Vector", "",0,0,0
			P: "DefaultAttributeIndex", "int", "Integer", "",0
			P: "Lcl Translation", "Lcl Translation", "", "A+",7.12461769580841e-08,0.184119939804077,-7.26431608200073e-08
			P: "Lcl Rotation", "Lcl Rotation", "", "A+",20.2586498260498,-0.22329381108284,0.53487890958786
			P: "Lcl Scaling", "Lcl Scaling", "", "A+",1,1,0.999999821186066
		}
		Shading: Y
		Culling: "CullingOff"
	}
	Model: 1628740614112, "Model::spine.005", "LimbNode" {
		Version: 232
		Properties70:  {
			P: "RotationActive", "bool", "", "",1
			P: "InheritType", "enum", "", "",1
			P: "ScalingMax", "Vector3D", "Vector", "",0,0,0
			P: "DefaultAttributeIndex", "int", "Integer", "",0
			P: "Lcl Translation", "Lcl Translation", "", "A+",2.04890966415405e-08,0.11762535572052,0
			P: "Lcl Rotation", "Lcl Rotation", "", "A+",-16.5400543212891,0.109146118164062,-0.597457885742188
			P: "Lcl Scaling", "Lcl Scaling", "", "A+",1,0.999999821186066,1
		}
		Shading: Y
		Culling: "CullingOff"
	}
	Model: 1628740616112, "Model::shoulder.L", "LimbNode" {
		Version: 232
		Properties70:  {
			P: "RotationActive", "bool", "", "",1
			P: "InheritType", "enum", "", "",1
			P: "ScalingMax", "Vector3D", "Vector", "",0,0,0
			P: "DefaultAttributeIndex", "int", "Integer", "",0
			P: "Lcl Translation", "Lcl Translation", "", "A+",0.0271403938531876,0.190253734588623,0.00413667038083076
			P: "Lcl Rotation", "Lcl Rotation", "", "A+",20.9579772949219,-72.6863555908203,-105.309471130371
			P: "Lcl Scaling", "Lcl Scaling", "", "A+",0.999999821186066,0.999999821186066,0.999999821186066
		}
		Shading: Y
		Culling: "CullingOff"
	}
	Model: 1624534917792, "Model::upper_arm.L", "LimbNode" {
		Version: 232
		Properties70:  {
			P: "RotationActive", "bool", "", "",1
			P: "InheritType", "enum", "", "",1
			P: "ScalingMax", "Vector3D", "Vector", "",0,0,0
			P: "DefaultAttributeIndex", "int", "Integer", "",0
			P: "Lcl Translation", "Lcl Translation", "", "A+",-0.00921788811683655,0.178763628005981,-0.0196851491928101
			P: "Lcl Rotation", "Lcl Rotation", "", "A+",-68.6773376464844,53.8185958862305,-172.715148925781
			P: "Lcl Scaling", "Lcl Scaling", "", "A+",1,0.999999821186066,0.999999821186066
		}
		Shading: Y
		Culling: "CullingOff"
	}
	Model: 1624534899792, "Model::forearm.L", "LimbNode" {
		Version: 232
		Properties70:  {
			P: "RotationActive", "bool", "", "",1
			P: "InheritType", "enum", "", "",1
			P: "ScalingMax", "Vector3D", "Vector", "",0,0,0
			P: "DefaultAttributeIndex", "int", "Integer", "",0
			P: "Lcl Translation", "Lcl Translation", "", "A+",-2.98023223876953e-07,0.197035610675812,1.7508864402771e-07
			P: "Lcl Rotation", "Lcl Rotation", "", "A+",55.3602409362793,-4.23202276229858,6.9981050491333
			P: "Lcl Scaling", "Lcl Scaling", "", "A+",0.999999821186066,0.999999821186066,1
		}
		Shading: Y
		Culling: "CullingOff"
	}
	Model: 1624119776832, "Model::hand.L", "LimbNode" {
		Version: 232
		Properties70:  {
			P: "RotationActive", "bool", "", "",1
			P: "InheritType", "enum", "", "",1
			P: "ScalingMax", "Vector3D", "Vector", "",0,0,0
			P: "DefaultAttributeIndex", "int", "Integer", "",0
			P: "Lcl Translation", "Lcl Translation", "", "A+",-2.38418579101562e-07,0.242479503154755,2.38418579101562e-07
			P: "Lcl Rotation", "Lcl Rotation", "", "A+",40.5240478515625,-44.6004791259766,-39.9105224609375
			P: "Lcl Scaling", "Lcl Scaling", "", "A+",0.999999821186066,1,0.999999821186066
		}
		Shading: Y
		Culling: "CullingOff"
	}
	Model: 1624119320608, "Model::shoulder.R", "LimbNode" {
		Version: 232
		Properties70:  {
			P: "RotationActive", "bool", "", "",1
			P: "InheritType", "enum", "", "",1
			P: "ScalingMax", "Vector3D", "Vector", "",0,0,0
			P: "DefaultAttributeIndex", "int", "Integer", "",0
			P: "Lcl Translation", "Lcl Translation", "", "A+",-0.0271403472870588,0.190253853797913,0.00413668341934681
			P: "Lcl Rotation", "Lcl Rotation", "", "A+",12.5319108963013,72.4432067871094,102.974456787109
			P: "Lcl Scaling", "Lcl Scaling", "", "A+",1,1.00000011920929,1
		}
		Shading: Y
		Culling: "CullingOff"
	}
	Model: 1629632210992, "Model::upper_arm.R", "LimbNode" {
		Version: 232
		Properties70:  {
			P: "RotationActive", "bool", "", "",1
			P: "InheritType", "enum", "", "",1
			P: "ScalingMax", "Vector3D", "Vector", "",0,0,0
			P: "DefaultAttributeIndex", "int", "Integer", "",0
			P: "Lcl Translation", "Lcl Translation", "", "A+",0.00921782851219177,0.178763583302498,-0.0196845531463623
			P: "Lcl Rotation", "Lcl Rotation", "", "A+",-121.014915466309,-27.2780323028564,156.459411621094
			P: "Lcl Scaling", "Lcl Scaling", "", "A+",0.999999821186066,1,0.999999821186066
		}
		Shading: Y
		Culling: "CullingOff"
	}
	Model: 1629632220992, "Model::forearm.R", "LimbNode" {
		Version: 232
		Properties70:  {
			P: "RotationActive", "bool", "", "",1
			P: "InheritType", "enum", "", "",1
			P: "ScalingMax", "Vector3D", "Vector", "",0,0,0
			P: "DefaultAttributeIndex", "int", "Integer", "",0
			P: "Lcl Translation", "Lcl Translation", "", "A+",5.96046447753906e-08,0.197035729885101,5.96046447753906e-08
			P: "Lcl Rotation", "Lcl Rotation", "", "A+",83.1618423461914,8.05850219726562,-8.45504760742188
			P: "Lcl Scaling", "Lcl Scaling", "", "A+",0.999999821186066,0.999999821186066,0.999999821186066
		}
		Shading: Y
		Culling: "CullingOff"
	}
	Model: 1629632218992, "Model::hand.R", "LimbNode" {
		Version: 232
		Properties70:  {
			P: "RotationActive", "bool", "", "",1
			P: "InheritType", "enum", "", "",1
			P: "ScalingMax", "Vector3D", "Vector", "",0,0,0
			P: "DefaultAttributeIndex", "int", "Integer", "",0
			P: "Lcl Translation", "Lcl Translation", "", "A+",1.19209289550781e-07,0.242479562759399,2.38418579101562e-07
			P: "Lcl Rotation", "Lcl Rotation", "", "A+",27.0849132537842,31.1978721618652,10.8675212860107
			P: "Lcl Scaling", "Lcl Scaling", "", "A+",0.999999821186066,1,1.00000011920929
		}
		Shading: Y
		Culling: "CullingOff"
	}
	Model: 1629632222992, "Model::pelvis.L", "LimbNode" {
		Version: 232
		Properties70:  {
			P: "RotationActive", "bool", "", "",1
			P: "InheritType", "enum", "", "",1
			P: "ScalingMax", "Vector3D", "Vector", "",0,0,0
			P: "DefaultAttributeIndex", "int", "Integer", "",0
			P: "Lcl Translation", "Lcl Translation", "", "A+",0,0.00805620010942221,-0.0206966008991003
			P: "Lcl Rotation", "Lcl Rotation", "", "A+",117.19588470459,-75.9131393432617,-163.189834594727
			P: "Lcl Scaling", "Lcl Scaling", "", "A+",1.00000011920929,1.00000011920929,1
		}
		Shading: Y
		Culling: "CullingOff"
	}
	Model: 1629632214992, "Model::pelvis.R", "LimbNode" {
		Version: 232
		Properties70:  {
			P: "RotationActive", "bool", "", "",1
			P: "InheritType", "enum", "", "",1
			P: "ScalingMax", "Vector3D", "Vector", "",0,0,0
			P: "DefaultAttributeIndex", "int", "Integer", "",0
			P: "Lcl Translation", "Lcl Translation", "", "A+",0,0.00805620010942221,-0.0206966008991003
			P: "Lcl Rotation", "Lcl Rotation", "", "A+",117.195762634277,75.9132080078125,163.18977355957
			P: "Lcl Scaling", "Lcl Scaling", "", "A+",1.00000011920929,1,1
		}
		Shading: Y
		Culling: "CullingOff"
	}
	Model: 1629632224992, "Model::thigh.L", "LimbNode" {
		Version: 232
		Properties70:  {
			P: "RotationActive", "bool", "", "",1
			P: "InheritType", "enum", "", "",1
			P: "ScalingMax", "Vector3D", "Vector", "",0,0,0
			P: "DefaultAttributeIndex", "int", "Integer", "",0
			P: "Lcl Translation", "Lcl Translation", "", "A+",0.105214677751064,0.0975488424301147,-0.00724316015839577
			P: "Lcl Rotation", "Lcl Rotation", "", "A+",173.288696289062,6.46836519241333,1.85490608215332
			P: "Lcl Scaling", "Lcl Scaling", "", "A+",1.00000011920929,1.00000011920929,1.00000584125519
		}
		Shading: Y
		Culling: "CullingOff"
	}
	Model: 1629632226992, "Model::shin.L", "LimbNode" {
		Version: 232
		Properties70:  {
			P: "RotationActive", "bool", "", "",1
			P: "InheritType", "enum", "", "",1
			P: "ScalingMax", "Vector3D", "Vector", "",0,0,0
			P: "DefaultAttributeIndex", "int", "Integer", "",0
			P: "Lcl Translation", "Lcl Translation", "", "A+",0,0.391098439693451,1.9371509552002e-07
			P: "Lcl Rotation", "Lcl Rotation", "", "A+",19.3118438720703,0.391799926757812,-2.33697509765625
			P: "Lcl Scaling", "Lcl Scaling", "", "A+",1,0.999999821186066,1
		}
		Shading: Y
		Culling: "CullingOff"
	}
	Model: 1629632228992, "Model::foot.L", "LimbNode" {
		Version: 232
		Properties70:  {
			P: "RotationActive", "bool", "", "",1
			P: "InheritType", "enum", "", "",1
			P: "ScalingMax", "Vector3D", "Vector", "",0,0,0
			P: "DefaultAttributeIndex", "int", "Integer", "",0
			P: "Lcl Translation", "Lcl Translation", "", "A+",0,0.407674670219421,9.87201929092407e-08
			P: "Lcl Rotation", "Lcl Rotation", "", "A+",-69.91455078125,3.17149829864502,2.22706699371338
			P: "Lcl Scaling", "Lcl Scaling", "", "A+",1,0.999999821186066,0.999999821186066
		}
		Shading: Y
		Culling: "CullingOff"
	}
	Model: 1629632232992, "Model::toe.L", "LimbNode" {
		Version: 232
		Properties70:  {
			P: "RotationActive", "bool", "", "",1
			P: "InheritType", "enum", "", "",1
			P: "ScalingMax", "Vector3D", "Vector", "",0,0,0
			P: "DefaultAttributeIndex", "int", "Integer", "",0
			P: "Lcl Translation", "Lcl Translation", "", "A+",-2.98023223876953e-08,0.130335718393326,-9.31322574615479e-08
			P: "Lcl Rotation", "Lcl Rotation", "", "A+",-150.911056518555,0.292770385742188,-177.806228637695
			P: "Lcl Scaling", "Lcl Scaling", "", "A+",0.999999821186066,0.999999821186066,1
		}
		Shading: Y
		Culling: "CullingOff"
	}
	Model: 1629632230992, "Model::thigh.R", "LimbNode" {
		Version: 232
		Properties70:  {
			P: "RotationActive", "bool", "", "",1
			P: "InheritType", "enum", "", "",1
			P: "ScalingMax", "Vector3D", "Vector", "",0,0,0
			P: "DefaultAttributeIndex", "int", "Integer", "",0
			P: "Lcl Translation", "Lcl Translation", "", "A+",-0.105214662849903,0.0975490212440491,-0.00724319368600845
			P: "Lcl Rotation", "Lcl Rotation", "", "A+",174.007400512695,-12.2870635986328,-2.98847961425781
			P: "Lcl Scaling", "Lcl Scaling", "", "A+",0.999999821186066,1,1.00000071525574
		}
		Shading: Y
		Culling: "CullingOff"
	}
	Model: 1629632234992, "Model::shin.R", "LimbNode" {
		Version: 232
		Properties70:  {
			P: "RotationActive", "bool", "", "",1
			P: "InheritType", "enum", "", "",1
			P: "ScalingMax", "Vector3D", "Vector", "",0,0,0
			P: "DefaultAttributeIndex", "int", "Integer", "",0
			P: "Lcl Translation", "Lcl Translation", "", "A+",2.98023223876953e-08,0.391098588705063,-2.98023223876953e-08
			P: "Lcl Rotation", "Lcl Rotation", "", "A+",18.8318386077881,-0.382404625415802,2.33953666687012
			P: "Lcl Scaling", "Lcl Scaling", "", "A+",0.999999821186066,0.999999821186066,0.999999821186066
		}
		Shading: Y
		Culling: "CullingOff"
	}
	Model: 1629632216992, "Model::foot.R", "LimbNode" {
		Version: 232
		Properties70:  {
			P: "RotationActive", "bool", "", "",1
			P: "InheritType", "enum", "", "",1
			P: "ScalingMax", "Vector3D", "Vector", "",0,0,0
			P: "DefaultAttributeIndex", "int", "Integer", "",0
			P: "Lcl Translation", "Lcl Translation", "", "A+",-1.04308128356934e-07,0.407674640417099,7.79982656240463e-09
			P: "Lcl Rotation", "Lcl Rotation", "", "A+",-69.7801666259766,-1.77458190917969,-3.16636657714844
		}
		Shading: Y
		Culling: "CullingOff"
	}
	Model: 1629632236992, "Model::toe.R", "LimbNode" {
		Version: 232
		Properties70:  {
			P: "RotationActive", "bool", "", "",1
			P: "InheritType", "enum", "", "",1
			P: "ScalingMax", "Vector3D", "Vector", "",0,0,0
			P: "DefaultAttributeIndex", "int", "Integer", "",0
			P: "Lcl Translation", "Lcl Translation", "", "A+",-2.98023223876953e-08,0.130336254835129,-5.21540641784668e-08
			P: "Lcl Rotation", "Lcl Rotation", "", "A+",-150.95735168457,-0.294438123703003,177.805267333984
			P: "Lcl Scaling", "Lcl Scaling", "", "A+",0.999999821186066,0.999999701976776,1
		}
		Shading: Y
		Culling: "CullingOff"
	}
	Pose: 1628717958016, "Pose::BindPose", "BindPose" {
		Type: "BindPose"
		Version: 100
		NbPoseNodes: 25
		PoseNode:  {
			Node: 1624626669440
			Matrix: *16 {
				a: 99.9999999999965,0,2.6631610894334e-05,0,2.66316108943338e-05,1.33158054421881e-05,-99.9999999999956,0,-3.54621349281009e-12,99.9999999999991,1.33158054421876e-05,0,0,0,0,1
			} 
		}
		PoseNode:  {
			Node: 1629632236992
			Matrix: *16 {
				a: -0.999253068080884,0.0382954318516044,0.00513889116467901,0,0.0309876501334086,0.873712552723352,-0.485453957349711,0,-0.0230805936641201,-0.484932345365956,-0.874247051246949,0,-2.98023223599397e-08,0.130336254835129,-5.21540641784668e-08,1
			} 
		}
		PoseNode:  {
			Node: 1629632216992
			Matrix: *16 {
				a: 0.997994489086323,-0.0552089056588895,0.0309673455316747,0,0.0481051979974907,0.343490321183237,-0.937923391956432,0,0.0411447405989211,0.937532066645928,0.345457282933307,0,-1.04308128384689e-07,0.407674640417099,7.79982656587408e-09,1
			} 
		}
		PoseNode:  {
			Node: 1629632234992
			Matrix: *16 {
				a: 0.999144031865945,0.0408203555397992,0.00667416904428361,0,-0.0407886743924672,0.945593005153147,0.322784440484528,0,0.00686512928739003,-0.322780435514931,0.946448785101879,0,2.98023223876953e-08,0.391098588705063,-2.98023223876953e-08,1
			} 
		}
		PoseNode:  {
			Node: 1629632230992
			Matrix: *16 {
				a: 0.975764663111011,-0.0509409266051532,0.212809742710775,0,-0.0740373914449379,-0.992024552915804,0.102008583365459,0,0.205916262213821,-0.115292352285725,-0.971754905813343,0,-0.105214662849903,0.0975490212440492,-0.00724319368600845,1
			} 
		}
		PoseNode:  {
			Node: 1629632232992
			Matrix: *16 {
				a: -0.999253859505167,-0.0382786721729056,-0.00510978403357549,0,-0.0309684825726909,0.873320522741374,-0.486160323368785,0,0.0230720591562158,-0.485639510884953,-0.873854647841228,0,-2.98023223876953e-08,0.130335718393326,-9.31322574615479e-08,1
			} 
		}
		PoseNode:  {
			Node: 1629632228992
			Matrix: *16 {
				a: 0.997714236022847,0.0388003473208913,-0.0553248252154943,0,-0.0652660946084818,0.341142574166795,-0.93774288766035,0,-0.0175110964495754,0.939210264024617,0.342895149898779,0,2.77555756156289e-17,0.407674670219421,9.87201929231185e-08,1
			} 
		}
		PoseNode:  {
			Node: 1629632226992
			Matrix: *16 {
				a: 0.999144927571421,-0.040775648066871,-0.0068381454376627,0,0.0407417598665764,0.942855313616424,0.330701691801558,0,-0.00703719529718549,-0.330697575115503,0.943710544444151,0,0,0.391098439693451,1.93715095492264e-07,1
			} 
		}
		PoseNode:  {
			Node: 1629632224992
			Matrix: *16 {
				a: 0.993113662112302,0.0321625158309062,-0.112654627600969,0,0.0453054383981186,-0.992201171684779,0.116122739278319,0,-0.108041859398375,-0.120427620882582,-0.986831205065384,0,0.105214677751064,0.0975488424301147,-0.00724316015839575,1
			} 
		}
		PoseNode:  {
			Node: 1629632214992
			Matrix: *16 {
				a: -0.232990826899385,0.0703894564788083,-0.969928264056653,0,-0.693662744049068,0.686998135416584,0.216484547837604,0,0.681577057302798,0.723241928770754,-0.111237706855265,0,0,0.00805620010942221,-0.0206966008991003,1
			} 
		}
		PoseNode:  {
			Node: 1629632222992
			Matrix: *16 {
				a: -0.232992014595565,-0.0703895444451904,0.969927972370161,0,0.693661858100815,0.686998944235832,0.216485370530137,0,-0.681577637112984,0.723241229714369,-0.111238699330437,0,0,0.00805620010942221,-0.0206966008991003,1
			} 
		}
		PoseNode:  {
			Node: 1629632218992
			Matrix: *16 {
				a: 0.840042682523157,0.161272931471925,-0.517995150060223,0,0.063756651110696,0.918831890805573,0.389465076583002,0,0.538760798327641,-0.36019303108717,0.761576011281995,0,1.19209289550781e-07,0.242479562759399,2.38418579212585e-07,1
			} 
		}
		PoseNode:  {
			Node: 1629632220992
			Matrix: *16 {
				a: 0.979364120601784,-0.145581501260266,-0.14018412228518,0,0.155180728758228,0.097306028005074,0.983081950148667,0,-0.129477809188001,-0.984549239894504,0.117889497086012,0,5.96046447198795e-08,0.197035729885101,5.96046447753906e-08,1
			} 
		}
		PoseNode:  {
			Node: 1629632210992
			Matrix: *16 {
				a: -0.814825179503347,0.354982636711009,0.458308735300999,0,-0.154302587735519,0.629257939057134,-0.761725119417556,0,-0.558793601567241,-0.691391031000356,-0.457960473700449,0,0.00921782851219177,0.178763583302498,-0.0196845531463623,1
			} 
		}
		PoseNode:  {
			Node: 1624119320608
			Matrix: *16 {
				a: -0.0677256711769151,0.29394992963938,-0.953418414091442,0,-0.997701004174264,-0.0175731956865786,0.0654532465323144,0,0.00248536855454742,0.955659260265913,0.294464261347885,0,-0.0271403472870588,0.190253853797913,0.00413668341934681,1
			} 
		}
		PoseNode:  {
			Node: 1624119776832
			Matrix: *16 {
				a: 0.546153079980771,-0.456825306411387,0.702158881608589,0,0.137736759737934,0.8757773955825,0.462647315353313,0,-0.826283878216974,-0.155963167051068,0.541230159446313,0,-2.38418579212585e-07,0.242479503154755,2.3841857899054e-07,1
			} 
		}
		PoseNode:  {
			Node: 1624534899792
			Matrix: *16 {
				a: 0.989843705900569,0.12150429414702,0.0737955741560773,0,-0.129516081518663,0.556782845645499,0.820498683603523,0,0.0586060245842872,-0.82172346513395,0.566864958107907,0,-2.98023223987975e-07,0.197035610675812,1.75088644034649e-07,1
			} 
		}
		PoseNode:  {
			Node: 1624534917792
			Matrix: *16 {
				a: -0.585578477483053,-0.0748569714530195,-0.807151956284262,0,0.791938723801531,-0.265341799254434,-0.549933113827659,0,-0.173004824949335,-0.961243885686383,0.214660581260177,0,-0.00921788811683655,0.178763628005981,-0.0196851491928101,1
			} 
		}
		PoseNode:  {
			Node: 1628740616112
			Matrix: *16 {
				a: -0.0785766443674256,-0.287041404551192,0.954689784906803,0,0.990865174079392,0.0827938753228338,0.10644727980464,0,-0.109597263326852,0.954333300610677,0.277913716086412,0,0.0271403938531876,0.190253734588623,0.00413667038083076,1
			} 
		}
		PoseNode:  {
			Node: 1628740614112
			Matrix: *16 {
				a: 0.999943818660729,-0.0104273993550694,-0.00190495797559261,0,0.00945365537796079,0.958574317384263,-0.28468499929475,0,0.00479456882647913,0.284651047393582,0.958619211849786,0,2.04890966415405e-08,0.11762535572052,0,1
			} 
		}
		PoseNode:  {
			Node: 1624635074368
			Matrix: *16 {
				a: 0.999948831696926,0.00933519158313163,0.0038972023374153,0,-0.0101071558570496,0.938085596320153,0.346256060419373,0,-0.000423542642103937,-0.346277670796479,0.938131780557273,0,7.12461769576504e-08,0.184119939804077,-7.26431608165379e-08,1
			} 
		}
		PoseNode:  {
			Node: 1624635086368
			Matrix: *16 {
				a: 0.999986550504646,-0.000847406664366386,0.00511670907559196,0,0.000347400619840539,0.99528988122543,0.0969410852798889,0,-0.00517475728982808,-0.0969380039233085,0.995276789468397,0,-1.30385160450504e-08,0.135405540466309,2.98023223876953e-08,1
			} 
		}
		PoseNode:  {
			Node: 1628736931904
			Matrix: *16 {
				a: 1,-1.22081164621868e-16,1.2490009027033e-16,0,1.45716771982052e-16,0.975782354386119,-0.218743678465648,0,-8.67361737988404e-17,0.218743678465648,0.975782354386119,0,4.33680868994202e-19,0.126452401280403,-1.38777878078145e-17,1
			} 
		}
		PoseNode:  {
			Node: 1628736957904
			Matrix: *16 {
				a: 0.99998626862758,-0.000234621274624897,0.00523521815653457,0,-0.000553988160125048,0.98866652471461,0.150126074943754,0,-0.00521110926503301,-0.150126958496899,0.988653113630505,0,1.23400241140888e-08,0.156536281108856,2.23517417977104e-08,1
			} 
		}
		PoseNode:  {
			Node: 1624626683440
			Matrix: *16 {
				a: 0.999691993188615,0.0248174825472416,0.000106370073714552,0,-0.00162123312743503,0.0610280316818689,0.998134735870956,0,0.0247646998310444,-0.997827476024315,0.0610494695572706,0,0.00326075288467109,0.00675750384107232,0.766633808612824,1
			} 
		}
	}
	AnimationStack: 1628652318800, "AnimStack::block-bottom-right", "" {
	}
	AnimationCurve: 1625626630608, "AnimCurve::", "" {
		Default: 0
		KeyVer: 4009
		KeyTime: *2 {
			a: 0,7697693000
		} 
		KeyValueFloat: *2 {
			a: 0,0
		} 
		;KeyAttrFlags: Cubic|TangeantAuto|GenericTimeIndependent, Cubic|TangeantAuto|GenericTimeIndependent
		KeyAttrFlags: *2 {
			a: 8456,8456
		} 
		;KeyAttrDataFloat: RightAuto:0, NextLeftAuto:0; RightAuto:0, NextLeftAuto:0
		KeyAttrDataFloat: *8 {
			a: 0,0,218434821,0,0,0,218434821,0
		} 
		KeyAttrRefCount: *2 {
			a: 1,1
		} 
	}
	AnimationCurve: 1625626632688, "AnimCurve::", "" {
		Default: 0
		KeyVer: 4009
		KeyTime: *2 {
			a: 0,7697693000
		} 
		KeyValueFloat: *2 {
			a: 0,0
		} 
		;KeyAttrFlags: Cubic|TangeantAuto|GenericTimeIndependent, Cubic|TangeantAuto|GenericTimeIndependent
		KeyAttrFlags: *2 {
			a: 8456,8456
		} 
		;KeyAttrDataFloat: RightAuto:0, NextLeftAuto:0; RightAuto:0, NextLeftAuto:0
		KeyAttrDataFloat: *8 {
			a: 0,0,218434821,0,0,0,218434821,0
		} 
		KeyAttrRefCount: *2 {
			a: 1,1
		} 
	}
	AnimationCurve: 1625626635088, "AnimCurve::", "" {
		Default: 0
		KeyVer: 4009
		KeyTime: *2 {
			a: 0,7697693000
		} 
		KeyValueFloat: *2 {
			a: 0,0
		} 
		;KeyAttrFlags: Cubic|TangeantAuto|GenericTimeIndependent, Cubic|TangeantAuto|GenericTimeIndependent
		KeyAttrFlags: *2 {
			a: 8456,8456
		} 
		;KeyAttrDataFloat: RightAuto:0, NextLeftAuto:0; RightAuto:0, NextLeftAuto:0
		KeyAttrDataFloat: *8 {
			a: 0,0,218434821,0,0,0,218434821,0
		} 
		KeyAttrRefCount: *2 {
			a: 1,1
		} 
	}
	AnimationCurve: 1625626628688, "AnimCurve::", "" {
		Default: -89.9999847412109
		KeyVer: 4009
		KeyTime: *2 {
			a: 0,7697693000
		} 
		KeyValueFloat: *2 {
			a: -89.99998,-89.99998
		} 
		;KeyAttrFlags: Cubic|TangeantAuto|GenericTimeIndependent, Cubic|TangeantAuto|GenericTimeIndependent
		KeyAttrFlags: *2 {
			a: 8456,8456
		} 
		;KeyAttrDataFloat: RightAuto:0, NextLeftAuto:0; RightAuto:0, NextLeftAuto:0
		KeyAttrDataFloat: *8 {
			a: 0,0,218434821,0,0,0,218434821,0
		} 
		KeyAttrRefCount: *2 {
			a: 1,1
		} 
	}
	AnimationCurve: 1625626634288, "AnimCurve::", "" {
		Default: 89.9999847412109
		KeyVer: 4009
		KeyTime: *2 {
			a: 0,7697693000
		} 
		KeyValueFloat: *2 {
			a: 89.99998,89.99998
		} 
		;KeyAttrFlags: Cubic|TangeantAuto|GenericTimeIndependent, Cubic|TangeantAuto|GenericTimeIndependent
		KeyAttrFlags: *2 {
			a: 8456,8456
		} 
		;KeyAttrDataFloat: RightAuto:0, NextLeftAuto:0; RightAuto:0, NextLeftAuto:0
		KeyAttrDataFloat: *8 {
			a: 0,0,218434821,0,0,0,218434821,0
		} 
		KeyAttrRefCount: *2 {
			a: 1,1
		} 
	}
	AnimationCurve: 1625626629968, "AnimCurve::", "" {
		Default: 0
		KeyVer: 4009
		KeyTime: *2 {
			a: 0,7697693000
		} 
		KeyValueFloat: *2 {
			a: 0,0
		} 
		;KeyAttrFlags: Cubic|TangeantAuto|GenericTimeIndependent, Cubic|TangeantAuto|GenericTimeIndependent
		KeyAttrFlags: *2 {
			a: 8456,8456
		} 
		;KeyAttrDataFloat: RightAuto:0, NextLeftAuto:0; RightAuto:0, NextLeftAuto:0
		KeyAttrDataFloat: *8 {
			a: 0,0,218434821,0,0,0,218434821,0
		} 
		KeyAttrRefCount: *2 {
			a: 1,1
		} 
	}
	AnimationCurve: 1625626636208, "AnimCurve::", "" {
		Default: 100
		KeyVer: 4009
		KeyTime: *2 {
			a: 0,7697693000
		} 
		KeyValueFloat: *2 {
			a: 100,100
		} 
		;KeyAttrFlags: Cubic|TangeantAuto|GenericTimeIndependent, Cubic|TangeantAuto|GenericTimeIndependent
		KeyAttrFlags: *2 {
			a: 8456,8456
		} 
		;KeyAttrDataFloat: RightAuto:0, NextLeftAuto:0; RightAuto:0, NextLeftAuto:0
		KeyAttrDataFloat: *8 {
			a: 0,0,218434821,0,0,0,218434821,0
		} 
		KeyAttrRefCount: *2 {
			a: 1,1
		} 
	}
	AnimationCurve: 1625626631088, "AnimCurve::", "" {
		Default: 100
		KeyVer: 4009
		KeyTime: *2 {
			a: 0,7697693000
		} 
		KeyValueFloat: *2 {
			a: 100,100
		} 
		;KeyAttrFlags: Cubic|TangeantAuto|GenericTimeIndependent, Cubic|TangeantAuto|GenericTimeIndependent
		KeyAttrFlags: *2 {
			a: 8456,8456
		} 
		;KeyAttrDataFloat: RightAuto:0, NextLeftAuto:0; RightAuto:0, NextLeftAuto:0
		KeyAttrDataFloat: *8 {
			a: 0,0,218434821,0,0,0,218434821,0
		} 
		KeyAttrRefCount: *2 {
			a: 1,1
		} 
	}
	AnimationCurve: 1625626629488, "AnimCurve::", "" {
		Default: 100
		KeyVer: 4009
		KeyTime: *2 {
			a: 0,7697693000
		} 
		KeyValueFloat: *2 {
			a: 100,100
		} 
		;KeyAttrFlags: Cubic|TangeantAuto|GenericTimeIndependent, Cubic|TangeantAuto|GenericTimeIndependent
		KeyAttrFlags: *2 {
			a: 8456,8456
		} 
		;KeyAttrDataFloat: RightAuto:0, NextLeftAuto:0; RightAuto:0, NextLeftAuto:0
		KeyAttrDataFloat: *8 {
			a: 0,0,218434821,0,0,0,218434821,0
		} 
		KeyAttrRefCount: *2 {
			a: 1,1
		} 
	}
	AnimationCurve: 1625626635728, "AnimCurve::", "" {
		Default: 0.00326075288467109
		KeyVer: 4009
		KeyTime: *2 {
			a: 0,7697693000
		} 
		KeyValueFloat: *2 {
			a: 0.003260753,0.003260753
		} 
		;KeyAttrFlags: Cubic|TangeantAuto|GenericTimeIndependent, Cubic|TangeantAuto|GenericTimeIndependent
		KeyAttrFlags: *2 {
			a: 8456,8456
		} 
		;KeyAttrDataFloat: RightAuto:0, NextLeftAuto:0; RightAuto:0, NextLeftAuto:0
		KeyAttrDataFloat: *8 {
			a: 0,0,218434821,0,0,0,218434821,0
		} 
		KeyAttrRefCount: *2 {
			a: 1,1
		} 
	}
	AnimationCurve: 1625626627248, "AnimCurve::", "" {
		Default: 0.00675750384107232
		KeyVer: 4009
		KeyTime: *2 {
			a: 0,7697693000
		} 
		KeyValueFloat: *2 {
