; FBX 7.7.0 project file
; ----------------------------------------------------

FBXHeaderExtension:  {
	FBXHeaderVersion: 1004
	FBXVersion: 7700
	CreationTimeStamp:  {
		Version: 1000
		Year: 2023
		Month: 3
		Day: 7
		Hour: 14
		Minute: 8
		Second: 2
		Millisecond: 82
	}
	Creator: "FBX SDK/FBX Plugins version 2020.2"
	OtherFlags:  {
		TCDefinition: 127
	}
	SceneInfo: "SceneInfo::GlobalInfo", "UserData" {
		Type: "UserData"
		Version: 100
		MetaData:  {
			Version: 100
			Title: ""
			Subject: ""
			Author: ""
			Keywords: ""
			Revision: ""
			Comment: ""
		}
		Properties70:  {
			P: "DocumentUrl", "KString", "Url", "", "C:\Users\patri\Documents\work-folder\game-dev\Unity\uppercut-city\Assets\Characters\Common\BoxerAnimations\block-top-right.fbx"
			P: "SrcDocumentUrl", "KString", "Url", "", "C:\Users\patri\Documents\work-folder\game-dev\Unity\uppercut-city\Assets\Characters\Common\BoxerAnimations\block-top-right.fbx"
			P: "Original", "Compound", "", ""
			P: "Original|ApplicationVendor", "KString", "", "", ""
			P: "Original|ApplicationName", "KString", "", "", ""
			P: "Original|ApplicationVersion", "KString", "", "", ""
			P: "Original|DateTime_GMT", "DateTime", "", "", ""
			P: "Original|FileName", "KString", "", "", ""
			P: "LastSaved", "Compound", "", ""
			P: "LastSaved|ApplicationVendor", "KString", "", "", ""
			P: "LastSaved|ApplicationName", "KString", "", "", ""
			P: "LastSaved|ApplicationVersion", "KString", "", "", ""
			P: "LastSaved|DateTime_GMT", "DateTime", "", "", ""
		}
	}
}
GlobalSettings:  {
	Version: 1000
	Properties70:  {
		P: "UpAxis", "int", "Integer", "",1
		P: "UpAxisSign", "int", "Integer", "",1
		P: "FrontAxis", "int", "Integer", "",2
		P: "FrontAxisSign", "int", "Integer", "",1
		P: "CoordAxis", "int", "Integer", "",0
		P: "CoordAxisSign", "int", "Integer", "",1
		P: "OriginalUpAxis", "int", "Integer", "",-1
		P: "OriginalUpAxisSign", "int", "Integer", "",1
		P: "UnitScaleFactor", "double", "Number", "",1
		P: "OriginalUnitScaleFactor", "double", "Number", "",1
		P: "AmbientColor", "ColorRGB", "Color", "",0,0,0
		P: "DefaultCamera", "KString", "", "", "Producer Perspective"
		P: "TimeMode", "enum", "", "",6
		P: "TimeProtocol", "enum", "", "",2
		P: "SnapOnFrameMode", "enum", "", "",0
		P: "TimeSpanStart", "KTime", "Time", "",0
		P: "TimeSpanStop", "KTime", "Time", "",46186158000
		P: "CustomFrameRate", "double", "Number", "",-1
		P: "TimeMarker", "Compound", "", ""
		P: "CurrentTimeMarker", "int", "Integer", "",-1
	}
}

; Documents Description
;------------------------------------------------------------------

Documents:  {
	Count: 1
	Document: 2386627878384, "myScene", "Scene" {
		Properties70:  {
			P: "SourceObject", "object", "", ""
			P: "ActiveAnimStackName", "KString", "", "", ""
		}
		RootNode: 0
	}
}

; Document References
;------------------------------------------------------------------

References:  {
}

; Object definitions
;------------------------------------------------------------------

Definitions:  {
	Version: 100
	Count: 354
	ObjectType: "GlobalSettings" {
		Count: 1
	}
	ObjectType: "NodeAttribute" {
		Count: 25
		PropertyTemplate: "FbxNull" {
			Properties70:  {
				P: "Color", "ColorRGB", "Color", "",0.8,0.8,0.8
				P: "Size", "double", "Number", "",100
				P: "Look", "enum", "", "",1
			}
		}
	}
	ObjectType: "Model" {
		Count: 25
		PropertyTemplate: "FbxNode" {
			Properties70:  {
				P: "QuaternionInterpolate", "enum", "", "",0
				P: "RotationOffset", "Vector3D", "Vector", "",0,0,0
				P: "RotationPivot", "Vector3D", "Vector", "",0,0,0
				P: "ScalingOffset", "Vector3D", "Vector", "",0,0,0
				P: "ScalingPivot", "Vector3D", "Vector", "",0,0,0
				P: "TranslationActive", "bool", "", "",0
				P: "TranslationMin", "Vector3D", "Vector", "",0,0,0
				P: "TranslationMax", "Vector3D", "Vector", "",0,0,0
				P: "TranslationMinX", "bool", "", "",0
				P: "TranslationMinY", "bool", "", "",0
				P: "TranslationMinZ", "bool", "", "",0
				P: "TranslationMaxX", "bool", "", "",0
				P: "TranslationMaxY", "bool", "", "",0
				P: "TranslationMaxZ", "bool", "", "",0
				P: "RotationOrder", "enum", "", "",0
				P: "RotationSpaceForLimitOnly", "bool", "", "",0
				P: "RotationStiffnessX", "double", "Number", "",0
				P: "RotationStiffnessY", "double", "Number", "",0
				P: "RotationStiffnessZ", "double", "Number", "",0
				P: "AxisLen", "double", "Number", "",10
				P: "PreRotation", "Vector3D", "Vector", "",0,0,0
				P: "PostRotation", "Vector3D", "Vector", "",0,0,0
				P: "RotationActive", "bool", "", "",0
				P: "RotationMin", "Vector3D", "Vector", "",0,0,0
				P: "RotationMax", "Vector3D", "Vector", "",0,0,0
				P: "RotationMinX", "bool", "", "",0
				P: "RotationMinY", "bool", "", "",0
				P: "RotationMinZ", "bool", "", "",0
				P: "RotationMaxX", "bool", "", "",0
				P: "RotationMaxY", "bool", "", "",0
				P: "RotationMaxZ", "bool", "", "",0
				P: "InheritType", "enum", "", "",0
				P: "ScalingActive", "bool", "", "",0
				P: "ScalingMin", "Vector3D", "Vector", "",0,0,0
				P: "ScalingMax", "Vector3D", "Vector", "",1,1,1
				P: "ScalingMinX", "bool", "", "",0
				P: "ScalingMinY", "bool", "", "",0
				P: "ScalingMinZ", "bool", "", "",0
				P: "ScalingMaxX", "bool", "", "",0
				P: "ScalingMaxY", "bool", "", "",0
				P: "ScalingMaxZ", "bool", "", "",0
				P: "GeometricTranslation", "Vector3D", "Vector", "",0,0,0
				P: "GeometricRotation", "Vector3D", "Vector", "",0,0,0
				P: "GeometricScaling", "Vector3D", "Vector", "",1,1,1
				P: "MinDampRangeX", "double", "Number", "",0
				P: "MinDampRangeY", "double", "Number", "",0
				P: "MinDampRangeZ", "double", "Number", "",0
				P: "MaxDampRangeX", "double", "Number", "",0
				P: "MaxDampRangeY", "double", "Number", "",0
				P: "MaxDampRangeZ", "double", "Number", "",0
				P: "MinDampStrengthX", "double", "Number", "",0
				P: "MinDampStrengthY", "double", "Number", "",0
				P: "MinDampStrengthZ", "double", "Number", "",0
				P: "MaxDampStrengthX", "double", "Number", "",0
				P: "MaxDampStrengthY", "double", "Number", "",0
				P: "MaxDampStrengthZ", "double", "Number", "",0
				P: "PreferedAngleX", "double", "Number", "",0
				P: "PreferedAngleY", "double", "Number", "",0
				P: "PreferedAngleZ", "double", "Number", "",0
				P: "LookAtProperty", "object", "", ""
				P: "UpVectorProperty", "object", "", ""
				P: "Show", "bool", "", "",1
				P: "NegativePercentShapeSupport", "bool", "", "",1
				P: "DefaultAttributeIndex", "int", "Integer", "",-1
				P: "Freeze", "bool", "", "",0
				P: "LODBox", "bool", "", "",0
				P: "Lcl Translation", "Lcl Translation", "", "A",0,0,0
				P: "Lcl Rotation", "Lcl Rotation", "", "A",0,0,0
				P: "Lcl Scaling", "Lcl Scaling", "", "A",1,1,1
				P: "Visibility", "Visibility", "", "A",1
				P: "Visibility Inheritance", "Visibility Inheritance", "", "",1
			}
		}
	}
	ObjectType: "Pose" {
		Count: 1
	}
	ObjectType: "AnimationStack" {
		Count: 1
		PropertyTemplate: "FbxAnimStack" {
			Properties70:  {
				P: "Description", "KString", "", "", ""
				P: "LocalStart", "KTime", "Time", "",0
				P: "LocalStop", "KTime", "Time", "",0
				P: "ReferenceStart", "KTime", "Time", "",0
				P: "ReferenceStop", "KTime", "Time", "",0
			}
		}
	}
	ObjectType: "AnimationLayer" {
		Count: 1
		PropertyTemplate: "FbxAnimLayer" {
			Properties70:  {
				P: "Weight", "Number", "", "A",100
				P: "Mute", "bool", "", "",0
				P: "Solo", "bool", "", "",0
				P: "Lock", "bool", "", "",0
				P: "Color", "ColorRGB", "Color", "",0.8,0.8,0.8
				P: "BlendMode", "enum", "", "",0
				P: "RotationAccumulationMode", "enum", "", "",0
				P: "ScaleAccumulationMode", "enum", "", "",0
				P: "BlendModeBypass", "ULongLong", "", "",0
			}
		}
	}
	ObjectType: "AnimationCurveNode" {
		Count: 75
		PropertyTemplate: "FbxAnimCurveNode" {
			Properties70:  {
				P: "d", "Compound", "", ""
			}
		}
	}
	ObjectType: "AnimationCurve" {
		Count: 225
	}
}

; Object properties
;------------------------------------------------------------------

Objects:  {
	NodeAttribute: 2384844325760, "NodeAttribute::", "Null" {
		TypeFlags: "Null"
	}
	NodeAttribute: 2386720512528, "NodeAttribute::spine", "LimbNode" {
		Properties70:  {
			P: "Size", "double", "Number", "",3.28587698936462
		}
		TypeFlags: "Skeleton"
	}
	NodeAttribute: 2386720518672, "NodeAttribute::spine.001", "LimbNode" {
		Properties70:  {
			P: "Size", "double", "Number", "",2.95710468292236
		}
		TypeFlags: "Skeleton"
	}
	NodeAttribute: 2386720517328, "NodeAttribute::spine.002", "LimbNode" {
		Properties70:  {
			P: "Size", "double", "Number", "",2.50252175331116
		}
		TypeFlags: "Skeleton"
	}
	NodeAttribute: 2386720513680, "NodeAttribute::spine.003", "LimbNode" {
		Properties70:  {
			P: "Size", "double", "Number", "",3.05492115020752
		}
		TypeFlags: "Skeleton"
	}
	NodeAttribute: 2386720512720, "NodeAttribute::spine.004", "LimbNode" {
		Properties70:  {
			P: "Size", "double", "Number", "",5.68054151535034
		}
		TypeFlags: "Skeleton"
	}
	NodeAttribute: 2386720518288, "NodeAttribute::spine.005", "LimbNode" {
		Properties70:  {
			P: "Size", "double", "Number", "",6.89283752441406
		}
		TypeFlags: "Skeleton"
	}
	NodeAttribute: 2386720511760, "NodeAttribute::shoulder.L", "LimbNode" {
		Properties70:  {
			P: "Size", "double", "Number", "",3.00270175933838
		}
		TypeFlags: "Skeleton"
	}
	NodeAttribute: 2386720521360, "NodeAttribute::upper_arm.L", "LimbNode" {
		Properties70:  {
			P: "Size", "double", "Number", "",2.34677624702454
		}
		TypeFlags: "Skeleton"
	}
	NodeAttribute: 2386720516176, "NodeAttribute::forearm.L", "LimbNode" {
		Properties70:  {
			P: "Size", "double", "Number", "",3.18843913078308
		}
		TypeFlags: "Skeleton"
	}
	NodeAttribute: 2386720518864, "NodeAttribute::hand.L", "LimbNode" {
		Properties70:  {
			P: "Size", "double", "Number", "",5.47286701202393
		}
		TypeFlags: "Skeleton"
	}
	NodeAttribute: 2386720516368, "NodeAttribute::shoulder.R", "LimbNode" {
		Properties70:  {
			P: "Size", "double", "Number", "",3.00359797477722
		}
		TypeFlags: "Skeleton"
	}
	NodeAttribute: 2386720517904, "NodeAttribute::upper_arm.R", "LimbNode" {
		Properties70:  {
			P: "Size", "double", "Number", "",2.34828996658325
		}
		TypeFlags: "Skeleton"
	}
	NodeAttribute: 2386720521744, "NodeAttribute::forearm.R", "LimbNode" {
		Properties70:  {
			P: "Size", "double", "Number", "",3.13255071640015
		}
		TypeFlags: "Skeleton"
	}
	NodeAttribute: 2386720511568, "NodeAttribute::hand.R", "LimbNode" {
		Properties70:  {
			P: "Size", "double", "Number", "",5.54159164428711
		}
		TypeFlags: "Skeleton"
	}
	NodeAttribute: 2386720518096, "NodeAttribute::pelvis.L", "LimbNode" {
		Properties70:  {
			P: "Size", "double", "Number", "",3.16468071937561
		}
		TypeFlags: "Skeleton"
	}
	NodeAttribute: 2386720517520, "NodeAttribute::pelvis.R", "LimbNode" {
		Properties70:  {
			P: "Size", "double", "Number", "",3.1727466583252
		}
		TypeFlags: "Skeleton"
	}
	NodeAttribute: 2386720521552, "NodeAttribute::thigh.L", "LimbNode" {
		Properties70:  {
			P: "Size", "double", "Number", "",2.33007216453552
		}
		TypeFlags: "Skeleton"
	}
	NodeAttribute: 2386720516944, "NodeAttribute::shin.L", "LimbNode" {
		Properties70:  {
			P: "Size", "double", "Number", "",2.86792755126953
		}
		TypeFlags: "Skeleton"
	}
	NodeAttribute: 2386720510224, "NodeAttribute::foot.L", "LimbNode" {
		Properties70:  {
			P: "Size", "double", "Number", "",3.22272825241089
		}
		TypeFlags: "Skeleton"
	}
	NodeAttribute: 2386720513872, "NodeAttribute::toe.L", "LimbNode" {
		Properties70:  {
			P: "Size", "double", "Number", "",2.65555262565613
		}
		TypeFlags: "Skeleton"
	}
	NodeAttribute: 2386720510992, "NodeAttribute::thigh.R", "LimbNode" {
		Properties70:  {
			P: "Size", "double", "Number", "",2.33012890815735
		}
		TypeFlags: "Skeleton"
	}
	NodeAttribute: 2386720522320, "NodeAttribute::shin.R", "LimbNode" {
		Properties70:  {
			P: "Size", "double", "Number", "",2.86725783348083
		}
		TypeFlags: "Skeleton"
	}
	NodeAttribute: 2386720514832, "NodeAttribute::foot.R", "LimbNode" {
		Properties70:  {
			P: "Size", "double", "Number", "",3.22272825241089
		}
		TypeFlags: "Skeleton"
	}
	NodeAttribute: 2386720514256, "NodeAttribute::toe.R", "LimbNode" {
		Properties70:  {
			P: "Size", "double", "Number", "",2.65555262565613
		}
		TypeFlags: "Skeleton"
	}
	Model: 2387140406784, "Model::metarig", "Null" {
		Version: 232
		Properties70:  {
			P: "PreRotation", "Vector3D", "Vector", "",-0,-90,0
			P: "RotationActive", "bool", "", "",1
			P: "InheritType", "enum", "", "",1
			P: "ScalingMax", "Vector3D", "Vector", "",0,0,0
			P: "DefaultAttributeIndex", "int", "Integer", "",0
			P: "Lcl Rotation", "Lcl Rotation", "", "A+",-89.9999923706055,89.9999847412109,0
			P: "Lcl Scaling", "Lcl Scaling", "", "A+",100,100,100
		}
		Shading: Y
		Culling: "CullingOff"
	}
	Model: 2387140400784, "Model::spine", "LimbNode" {
		Version: 232
		Properties70:  {
			P: "RotationActive", "bool", "", "",1
			P: "InheritType", "enum", "", "",1
			P: "ScalingMax", "Vector3D", "Vector", "",0,0,0
			P: "DefaultAttributeIndex", "int", "Integer", "",0
			P: "Lcl Translation", "Lcl Translation", "", "A+",0.00416521262377501,0.0068320925347507,0.766633331775665
			P: "Lcl Rotation", "Lcl Rotation", "", "A+",86.5068588256836,0.206866800785065,9.60014247894287
		}
		Shading: Y
		Culling: "CullingOff"
	}
	Model: 2387140388784, "Model::spine.001", "LimbNode" {
		Version: 232
		Properties70:  {
			P: "RotationActive", "bool", "", "",1
			P: "InheritType", "enum", "", "",1
			P: "ScalingMax", "Vector3D", "Vector", "",0,0,0
			P: "DefaultAttributeIndex", "int", "Integer", "",0
			P: "Lcl Translation", "Lcl Translation", "", "A+",1.21071934700012e-08,0.156536519527435,7.45058059692383e-09
			P: "Lcl Rotation", "Lcl Rotation", "", "A+",8.67431640625,-10.1417694091797,-0.338027954101562
			P: "Lcl Scaling", "Lcl Scaling", "", "A+",1,0.999999821186066,1.00000011920929
		}
		Shading: Y
		Culling: "CullingOff"
	}
	Model: 2387140398784, "Model::spine.002", "LimbNode" {
		Version: 232
		Properties70:  {
			P: "RotationActive", "bool", "", "",1
			P: "InheritType", "enum", "", "",1
			P: "ScalingMax", "Vector3D", "Vector", "",0,0,0
			P: "DefaultAttributeIndex", "int", "Integer", "",0
			P: "Lcl Translation", "Lcl Translation", "", "A+",0,0.126452401280403,0
			P: "Lcl Rotation", "Lcl Rotation", "", "A+",-12.63525390625,-7.01670912670559e-15,-7.01670912670559e-15
		}
		Shading: Y
		Culling: "CullingOff"
	}
	Model: 2387140402784, "Model::spine.003", "LimbNode" {
		Version: 232
		Properties70:  {
			P: "RotationActive", "bool", "", "",1
			P: "InheritType", "enum", "", "",1
			P: "ScalingMax", "Vector3D", "Vector", "",0,0,0
			P: "DefaultAttributeIndex", "int", "Integer", "",0
			P: "Lcl Translation", "Lcl Translation", "", "A+",-1.86264514923096e-09,0.13540506362915,-1.04308128356934e-07
			P: "Lcl Rotation", "Lcl Rotation", "", "A+",5.55807495117188,0.008880615234375,-0.0308380126953125
			P: "Lcl Scaling", "Lcl Scaling", "", "A+",1,0.999999821186066,0.999999821186066
		}
		Shading: Y
		Culling: "CullingOff"
	}
	Model: 2387140404784, "Model::spine.004", "LimbNode" {
		Version: 232
		Properties70:  {
			P: "RotationActive", "bool", "", "",1
			P: "InheritType", "enum", "", "",1
			P: "ScalingMax", "Vector3D", "Vector", "",0,0,0
			P: "DefaultAttributeIndex", "int", "Integer", "",0
			P: "Lcl Translation", "Lcl Translation", "", "A+",2.88709998130798e-08,0.184119939804077,-8.5681676864624e-08
			P: "Lcl Rotation", "Lcl Rotation", "", "A+",20.2672309875488,-0.0438230000436306,0.0975976511836052
			P: "Lcl Scaling", "Lcl Scaling", "", "A+",1,1,0.999999821186066
		}
		Shading: Y
		Culling: "CullingOff"
	}
	Model: 2387140408784, "Model::spine.005", "LimbNode" {
		Version: 232
		Properties70:  {
			P: "RotationActive", "bool", "", "",1
			P: "InheritType", "enum", "", "",1
			P: "ScalingMax", "Vector3D", "Vector", "",0,0,0
			P: "DefaultAttributeIndex", "int", "Integer", "",0
			P: "Lcl Translation", "Lcl Translation", "", "A+",2.18860805034637e-08,0.117625713348389,-1.49011611938477e-07
			P: "Lcl Rotation", "Lcl Rotation", "", "A+",-16.6162109375,-0.228729248046875,-0.772857666015625
			P: "Lcl Scaling", "Lcl Scaling", "", "A+",1,0.999999821186066,1
		}
		Shading: Y
		Culling: "CullingOff"
	}
	Model: 2387140412784, "Model::shoulder.L", "LimbNode" {
		Version: 232
		Properties70:  {
			P: "RotationActive", "bool", "", "",1
			P: "InheritType", "enum", "", "",1
			P: "ScalingMax", "Vector3D", "Vector", "",0,0,0
			P: "DefaultAttributeIndex", "int", "Integer", "",0
			P: "Lcl Translation", "Lcl Translation", "", "A+",0.0271403603255749,0.190253734588623,0.00413656234741211
			P: "Lcl Rotation", "Lcl Rotation", "", "A+",19.5930786132812,-75.9958419799805,-98.8982543945312
			P: "Lcl Scaling", "Lcl Scaling", "", "A+",0.999999821186066,0.999999821186066,0.999999821186066
		}
		Shading: Y
		Culling: "CullingOff"
	}
	Model: 2387140384784, "Model::upper_arm.L", "LimbNode" {
		Version: 232
		Properties70:  {
			P: "RotationActive", "bool", "", "",1
			P: "InheritType", "enum", "", "",1
			P: "ScalingMax", "Vector3D", "Vector", "",0,0,0
			P: "DefaultAttributeIndex", "int", "Integer", "",0
			P: "Lcl Translation", "Lcl Translation", "", "A+",-0.00921794772148132,0.178763628005981,-0.0196845531463623
			P: "Lcl Rotation", "Lcl Rotation", "", "A+",-18.7054290771484,61.4059371948242,-135.07453918457
			P: "Lcl Scaling", "Lcl Scaling", "", "A+",1,0.999999821186066,0.999999821186066
		}
		Shading: Y
		Culling: "CullingOff"
	}
	Model: 2387140386784, "Model::forearm.L", "LimbNode" {
		Version: 232
		Properties70:  {
			P: "RotationActive", "bool", "", "",1
			P: "InheritType", "enum", "", "",1
			P: "ScalingMax", "Vector3D", "Vector", "",0,0,0
			P: "DefaultAttributeIndex", "int", "Integer", "",0
			P: "Lcl Translation", "Lcl Translation", "", "A+",2.38418579101562e-07,0.197035729885101,2.98023223876953e-08
			P: "Lcl Rotation", "Lcl Rotation", "", "A+",80.6509552001953,-7.68989133834839,8.40208530426025
			P: "Lcl Scaling", "Lcl Scaling", "", "A+",0.999999821186066,0.999999821186066,1
		}
		Shading: Y
		Culling: "CullingOff"
	}
	Model: 2387140390784, "Model::hand.L", "LimbNode" {
		Version: 232
		Properties70:  {
			P: "RotationActive", "bool", "", "",1
			P: "InheritType", "enum", "", "",1
			P: "ScalingMax", "Vector3D", "Vector", "",0,0,0
			P: "DefaultAttributeIndex", "int", "Integer", "",0
			P: "Lcl Translation", "Lcl Translation", "", "A+",-2.38418579101562e-07,0.24247944355011,-2.98023223876953e-08
			P: "Lcl Rotation", "Lcl Rotation", "", "A+",120.333984375,-63.2180557250977,-114.106582641602
			P: "Lcl Scaling", "Lcl Scaling", "", "A+",0.999999821186066,1,0.999999821186066
		}
		Shading: Y
		Culling: "CullingOff"
	}
	Model: 2387140392784, "Model::shoulder.R", "LimbNode" {
		Version: 232
		Properties70:  {
			P: "RotationActive", "bool", "", "",1
			P: "InheritType", "enum", "", "",1
			P: "ScalingMax", "Vector3D", "Vector", "",0,0,0
			P: "DefaultAttributeIndex", "int", "Integer", "",0
			P: "Lcl Translation", "Lcl Translation", "", "A+",-0.0271404013037682,0.190253853797913,0.00413660332560539
			P: "Lcl Rotation", "Lcl Rotation", "", "A+",35.1981010437012,76.1147994995117,122.538307189941
			P: "Lcl Scaling", "Lcl Scaling", "", "A+",1,1.00000011920929,1
		}
		Shading: Y
		Culling: "CullingOff"
	}
	Model: 2387140394784, "Model::upper_arm.R", "LimbNode" {
		Version: 232
		Properties70:  {
			P: "RotationActive", "bool", "", "",1
			P: "InheritType", "enum", "", "",1
			P: "ScalingMax", "Vector3D", "Vector", "",0,0,0
			P: "DefaultAttributeIndex", "int", "Integer", "",0
			P: "Lcl Translation", "Lcl Translation", "", "A+",0.009217768907547,0.178763598203659,-0.0196845531463623
			P: "Lcl Rotation", "Lcl Rotation", "", "A+",-22.8396587371826,-31.7533626556396,89.0005416870117
			P: "Lcl Scaling", "Lcl Scaling", "", "A+",0.999999821186066,1,0.999999821186066
		}
		Shading: Y
		Culling: "CullingOff"
	}
	Model: 2387140396784, "Model::forearm.R", "LimbNode" {
		Version: 232
		Properties70:  {
			P: "RotationActive", "bool", "", "",1
			P: "InheritType", "enum", "", "",1
			P: "ScalingMax", "Vector3D", "Vector", "",0,0,0
			P: "DefaultAttributeIndex", "int", "Integer", "",0
			P: "Lcl Translation", "Lcl Translation", "", "A+",1.19209289550781e-07,0.197035729885101,-5.96046447753906e-08
			P: "Lcl Rotation", "Lcl Rotation", "", "A+",111.983093261719,12.2227172851562,-7.89280700683594
			P: "Lcl Scaling", "Lcl Scaling", "", "A+",0.999999821186066,0.999999821186066,0.999999821186066
		}
		Shading: Y
		Culling: "CullingOff"
	}
	Model: 2386680283696, "Model::hand.R", "LimbNode" {
		Version: 232
		Properties70:  {
			P: "RotationActive", "bool", "", "",1
			P: "InheritType", "enum", "", "",1
			P: "ScalingMax", "Vector3D", "Vector", "",0,0,0
			P: "DefaultAttributeIndex", "int", "Integer", "",0
			P: "Lcl Translation", "Lcl Translation", "", "A+",5.96046447753906e-08,0.242479562759399,4.09781932830811e-07
			P: "Lcl Rotation", "Lcl Rotation", "", "A+",15.7995309829712,58.2548217773438,7.52588653564453
			P: "Lcl Scaling", "Lcl Scaling", "", "A+",0.999999821186066,1,1.00000011920929
		}
		Shading: Y
		Culling: "CullingOff"
	}
	Model: 2386680255696, "Model::pelvis.L", "LimbNode" {
		Version: 232
		Properties70:  {
			P: "RotationActive", "bool", "", "",1
			P: "InheritType", "enum", "", "",1
			P: "ScalingMax", "Vector3D", "Vector", "",0,0,0
			P: "DefaultAttributeIndex", "int", "Integer", "",0
			P: "Lcl Translation", "Lcl Translation", "", "A+",0,0.00805620010942221,-0.0206966008991003
			P: "Lcl Rotation", "Lcl Rotation", "", "A+",117.19588470459,-75.9131393432617,-163.189834594727
			P: "Lcl Scaling", "Lcl Scaling", "", "A+",1.00000011920929,1.00000011920929,1
		}
		Shading: Y
		Culling: "CullingOff"
	}
	Model: 2386617615856, "Model::pelvis.R", "LimbNode" {
		Version: 232
		Properties70:  {
			P: "RotationActive", "bool", "", "",1
			P: "InheritType", "enum", "", "",1
			P: "ScalingMax", "Vector3D", "Vector", "",0,0,0
			P: "DefaultAttributeIndex", "int", "Integer", "",0
			P: "Lcl Translation", "Lcl Translation", "", "A+",0,0.00805620010942221,-0.0206966008991003
			P: "Lcl Rotation", "Lcl Rotation", "", "A+",117.195762634277,75.9132080078125,163.18977355957
			P: "Lcl Scaling", "Lcl Scaling", "", "A+",1.00000011920929,1,1
		}
		Shading: Y
		Culling: "CullingOff"
	}
	Model: 2384783445904, "Model::thigh.L", "LimbNode" {
		Version: 232
		Properties70:  {
			P: "RotationActive", "bool", "", "",1
			P: "InheritType", "enum", "", "",1
			P: "ScalingMax", "Vector3D", "Vector", "",0,0,0
			P: "DefaultAttributeIndex", "int", "Integer", "",0
			P: "Lcl Translation", "Lcl Translation", "", "A+",0.105214647948742,0.0975462198257446,-0.00724449753761292
			P: "Lcl Rotation", "Lcl Rotation", "", "A+",171.911499023438,-1.72814953327179,1.5555534362793
			P: "Lcl Scaling", "Lcl Scaling", "", "A+",1.00000011920929,1.00000011920929,1.00000584125519
		}
		Shading: Y
		Culling: "CullingOff"
	}
	Model: 2384898743824, "Model::shin.L", "LimbNode" {
		Version: 232
		Properties70:  {
			P: "RotationActive", "bool", "", "",1
			P: "InheritType", "enum", "", "",1
			P: "ScalingMax", "Vector3D", "Vector", "",0,0,0
			P: "DefaultAttributeIndex", "int", "Integer", "",0
			P: "Lcl Translation", "Lcl Translation", "", "A+",-4.4703483581543e-08,0.391098380088806,1.04308128356934e-07
			P: "Lcl Rotation", "Lcl Rotation", "", "A+",19.4059753417969,0.393646240234375,-2.33647155761719
			P: "Lcl Scaling", "Lcl Scaling", "", "A+",1,0.999999821186066,1
		}
		Shading: Y
		Culling: "CullingOff"
	}
	Model: 2384780026976, "Model::foot.L", "LimbNode" {
		Version: 232
		Properties70:  {
			P: "RotationActive", "bool", "", "",1
			P: "InheritType", "enum", "", "",1
			P: "ScalingMax", "Vector3D", "Vector", "",0,0,0
			P: "DefaultAttributeIndex", "int", "Integer", "",0
			P: "Lcl Translation", "Lcl Translation", "", "A+",1.49011611938477e-08,0.407674252986908,-6.14672899246216e-08
			P: "Lcl Rotation", "Lcl Rotation", "", "A+",-68.865837097168,3.15076494216919,2.27957701683044
			P: "Lcl Scaling", "Lcl Scaling", "", "A+",1,0.999999821186066,0.999999821186066
		}
		Shading: Y
		Culling: "CullingOff"
	}
	Model: 2384812894000, "Model::toe.L", "LimbNode" {
		Version: 232
		Properties70:  {
			P: "RotationActive", "bool", "", "",1
			P: "InheritType", "enum", "", "",1
			P: "ScalingMax", "Vector3D", "Vector", "",0,0,0
			P: "DefaultAttributeIndex", "int", "Integer", "",0
			P: "Lcl Translation", "Lcl Translation", "", "A+",-2.98023223876953e-08,0.130335748195648,0
			P: "Lcl Rotation", "Lcl Rotation", "", "A+",-150.911102294922,0.292770385742188,-177.806243896484
			P: "Lcl Scaling", "Lcl Scaling", "", "A+",0.999999821186066,0.999999821186066,1
		}
		Shading: Y
		Culling: "CullingOff"
	}
	Model: 2385320700160, "Model::thigh.R", "LimbNode" {
		Version: 232
		Properties70:  {
			P: "RotationActive", "bool", "", "",1
			P: "InheritType", "enum", "", "",1
			P: "ScalingMax", "Vector3D", "Vector", "",0,0,0
			P: "DefaultAttributeIndex", "int", "Integer", "",0
			P: "Lcl Translation", "Lcl Translation", "", "A+",-0.105214737355709,0.0975522398948669,-0.00724197551608086
			P: "Lcl Rotation", "Lcl Rotation", "", "A+",175.940933227539,-20.4602661132812,-3.69711303710938
			P: "Lcl Scaling", "Lcl Scaling", "", "A+",0.999999821186066,1,1.00000071525574
		}
		Shading: Y
		Culling: "CullingOff"
	}
	Model: 2385320676160, "Model::shin.R", "LimbNode" {
		Version: 232
		Properties70:  {
			P: "RotationActive", "bool", "", "",1
			P: "InheritType", "enum", "", "",1
			P: "ScalingMax", "Vector3D", "Vector", "",0,0,0
			P: "DefaultAttributeIndex", "int", "Integer", "",0
			P: "Lcl Translation", "Lcl Translation", "", "A+",4.4703483581543e-08,0.391098499298096,-5.96046447753906e-08
			P: "Lcl Rotation", "Lcl Rotation", "", "A+",18.258171081543,-0.37111821770668,2.34251832962036
			P: "Lcl Scaling", "Lcl Scaling", "", "A+",0.999999821186066,0.999999821186066,0.999999821186066
		}
		Shading: Y
		Culling: "CullingOff"
	}
	Model: 2385320680160, "Model::foot.R", "LimbNode" {
		Version: 232
		Properties70:  {
			P: "RotationActive", "bool", "", "",1
			P: "InheritType", "enum", "", "",1
			P: "ScalingMax", "Vector3D", "Vector", "",0,0,0
			P: "DefaultAttributeIndex", "int", "Integer", "",0
			P: "Lcl Translation", "Lcl Translation", "", "A+",-5.96046447753906e-08,0.407674729824066,-1.81142240762711e-07
			P: "Lcl Rotation", "Lcl Rotation", "", "A+",-70.5550231933594,-1.84939575195312,-3.40728759765625
		}
		Shading: Y
		Culling: "CullingOff"
	}
	Model: 2385320702160, "Model::toe.R", "LimbNode" {
		Version: 232
		Properties70:  {
			P: "RotationActive", "bool", "", "",1
			P: "InheritType", "enum", "", "",1
			P: "ScalingMax", "Vector3D", "Vector", "",0,0,0
			P: "DefaultAttributeIndex", "int", "Integer", "",0
			P: "Lcl Translation", "Lcl Translation", "", "A+",0,0.130336210131645,-8.94069671630859e-08
			P: "Lcl Rotation", "Lcl Rotation", "", "A+",-150.957427978516,-0.294455528259277,177.805252075195
			P: "Lcl Scaling", "Lcl Scaling", "", "A+",0.999999821186066,0.999999701976776,1
		}
		Shading: Y
		Culling: "CullingOff"
	}
	Pose: 2384844329280, "Pose::BindPose", "BindPose" {
		Type: "BindPose"
		Version: 100
		NbPoseNodes: 25
		PoseNode:  {
			Node: 2387140406784
			Matrix: *16 {
				a: 99.9999999999965,0,2.6631610894334e-05,0,2.66316108943338e-05,1.33158054421881e-05,-99.9999999999956,0,-3.54621349281009e-12,99.9999999999991,1.33158054421876e-05,0,0,0,0,1
			} 
		}
		PoseNode:  {
			Node: 2385320702160
			Matrix: *16 {
				a: -0.999253056322233,0.0382956979090088,0.00513919492742525,0,0.0309877661946677,0.873713195843642,-0.485452792461426,0,-0.0230809469191435,-0.484931165629576,-0.874247696302631,0,0,0.130336210131645,-8.94069671630859e-08,1
			} 
		}
		PoseNode:  {
			Node: 2385320680160
			Matrix: *16 {
				a: 0.997712306441346,-0.059402383503719,0.0322724404030292,0,0.050163323838212,0.330504319267521,-0.94247044297793,0,0.0453188097481902,0.941933252295294,0.332728047665684,0,-5.96046447753906e-08,0.407674729824066,-1.81142240769649e-07,1
			} 
		}
		PoseNode:  {
			Node: 2385320676160
			Matrix: *16 {
				a: 0.999143200456052,0.0408724037157895,0.00647718836339678,0,-0.0408430769369262,0.948777752438478,0.313292613887207,0,0.00665961116925981,-0.313288789241568,0.949634364630298,0,4.47034835537874e-08,0.391098499298096,-5.96046447753906e-08,1
			} 
		}
		PoseNode:  {
			Node: 2385320700160
			Matrix: *16 {
				a: 0.934964818255181,-0.0604141556932194,0.349557664469104,0,-0.0890121717189278,-0.99382019278308,0.0663193614450786,0,0.343391144279058,-0.0931212398325055,-0.934565346690515,0,-0.105214737355709,0.0975522398948668,-0.00724197551608086,1
			} 
		}
		PoseNode:  {
			Node: 2384812894000
			Matrix: *16 {
				a: -0.999253869699359,-0.0382784060555043,-0.00510978403357546,0,-0.0309682684266327,0.87332091898928,-0.486159625204046,0,0.0230719050805466,-0.485638819291139,-0.873855036257995,0,-2.98023223876953e-08,0.130335748195648,1.38777878078145e-17,1
			} 
		}
		PoseNode:  {
			Node: 2384780026976
			Matrix: *16 {
				a: 0.997698196535439,0.0397155025646922,-0.0549635104952913,0,-0.0655672353405457,0.358228468860002,-0.931328590842233,0,-0.017298688830267,0.932788660892975,0.360007933032603,0,1.49011611938477e-08,0.407674252986908,-6.14672899194174e-08,1
			} 
		}
		PoseNode:  {
			Node: 2384898743824
			Matrix: *16 {
				a: 0.999145065197162,-0.040766858143922,-0.00687036892988116,0,0.0407325596767644,0.942310658552306,0.332251597036134,0,-0.00707083311801349,-0.332247450705441,0.943165751508585,0,-4.47034836092985e-08,0.391098380088806,1.04308128329178e-07,1
			} 
		}
		PoseNode:  {
			Node: 2384783445904
			Matrix: *16 {
				a: 0.999176925298681,0.027133850150057,0.0301573298768752,0,0.022634495514875,-0.989802361419815,0.140638555734688,0,0.0336660504471505,-0.139840987251218,-0.989607385722434,0,0.105214647948742,0.0975462198257445,-0.00724449753761292,1
			} 
		}
		PoseNode:  {
			Node: 2386617615856
			Matrix: *16 {
				a: -0.232990826899385,0.0703894564788083,-0.969928264056653,0,-0.693662744049069,0.686998135416585,0.216484547837604,0,0.681577057302798,0.723241928770754,-0.111237706855265,0,-4.33680868994202e-19,0.0080562001094221,-0.0206966008991003,1
			} 
		}
		PoseNode:  {
			Node: 2386680255696
			Matrix: *16 {
				a: -0.232992014595565,-0.0703895444451904,0.969927972370161,0,0.693661858100816,0.686998944235832,0.216485370530137,0,-0.681577637112985,0.723241229714369,-0.111238699330438,0,-4.33680868994202e-19,0.0080562001094221,-0.0206966008991003,1
			} 
		}
		PoseNode:  {
			Node: 2386680283696
			Matrix: *16 {
				a: 0.521609964415558,0.0689110196501396,-0.850396353922888,0,0.10351899650851,0.984257131538747,0.143254027437236,0,0.846880709472929,-0.162754953851266,0.506264878633798,0,5.96046446643683e-08,0.242479562759399,4.09781932844688e-07,1
			} 
		}
		PoseNode:  {
			Node: 2387140396784
			Matrix: *16 {
				a: 0.968073306555447,-0.134207400798768,-0.211712278996295,0,0.143056338884602,-0.397745400094205,0.906274308904869,0,-0.205836341329466,-0.907626912694254,-0.365847550645566,0,1.19209289550781e-07,0.197035729885101,-5.96046447753906e-08,1
			} 
		}
		PoseNode:  {
			Node: 2387140394784
			Matrix: *16 {
				a: 0.014832113078931,0.850191820524223,0.5262637353148,0,-0.917891397714682,0.220315447762659,-0.330055276398556,0,-0.396554326802043,-0.478157538392809,0.78365150210082,0,0.00921776890754694,0.178763598203659,-0.0196845531463625,1
			} 
		}
		PoseNode:  {
			Node: 2387140392784
			Matrix: *16 {
				a: -0.129074998066291,0.202308548073974,-0.9707785000969,0,-0.989863341456672,0.0322059452888708,0.138324187136149,0,0.0592489976617289,0.97879212742622,0.19610080969883,0,-0.0271404013037682,0.190253853797913,0.0041366033256054,1
			} 
		}
		PoseNode:  {
			Node: 2387140390784
			Matrix: *16 {
				a: -0.184039390411016,-0.411298429536083,0.892727700371427,0,-0.146290259733645,0.909587722920114,0.388907873692555,0,-0.971971353852522,-0.0590229991583335,-0.227568924136436,0,-2.38418579323607e-07,0.24247944355011,-2.98023223321842e-08,1
			} 
		}
		PoseNode:  {
			Node: 2387140386784
			Matrix: *16 {
				a: 0.980370187272085,0.144804933286927,0.133811320806682,0,-0.154353604330595,0.141412250577508,0.977843127801654,0,0.122673992730011,-0.979302860218341,0.160987575532565,0,2.38418579101562e-07,0.197035729885101,2.98023224432065e-08,1
			} 
		}
		PoseNode:  {
			Node: 2387140384784
			Matrix: *16 {
				a: -0.338861909540806,-0.337981366945825,-0.878032574486727,0,0.868256546565593,-0.471774804049254,-0.153488585837648,0,-0.362357363725348,-0.814368966185606,0.45332104544127,0,-0.00921794772148127,0.178763628005981,-0.0196845531463625,1
			} 
		}
		PoseNode:  {
			Node: 2387140412784
			Matrix: *16 {
				a: -0.0374314332114187,-0.239079788296389,0.970277993674007,0,0.981087713509015,0.175730921701317,0.0811491462174607,0,-0.189909000791317,0.954965517889689,0.227980423353156,0,0.0271403603255749,0.190253734588623,0.00413656234741211,1
			} 
		}
		PoseNode:  {
			Node: 2387140408784
			Matrix: *16 {
				a: 0.999901058410712,-0.0134883943912378,0.00399206787061735,0,0.0140667083897693,0.958138960633796,-0.285957168476032,0,3.21473128218723e-05,0.285985081812041,0.958234069498424,0,2.18860805034637e-08,0.117625713348389,-1.49011611993988e-07,1
			} 
		}
		PoseNode:  {
			Node: 2387140404784
			Matrix: *16 {
				a: 0.99999825671233,0.00170339903336242,0.000764855564289017,0,-0.00186288226652077,0.938085390859309,0.346399089383906,0,-0.000127443934174059,-0.346399848405382,0.938086760995451,0,2.88709998135135e-08,0.184119939804077,-8.56816768611546e-08,1
			} 
		}
		PoseNode:  {
			Node: 2387140402784
			Matrix: *16 {
				a: 0.999999843145131,-0.000538224823853891,-0.000154995974822009,0,0.000550706364716955,0.995298207672562,0.0968546173315906,0,0.000102137656584079,-0.096854687496742,0.995298347959029,0,-1.8626451483636e-09,0.135405063629151,-1.04308128356934e-07,1
			} 
		}
		PoseNode:  {
			Node: 2387140398784
			Matrix: *16 {
				a: 1,-1.22731685925359e-16,1.16226472890446e-16,0,1.45933612416549e-16,0.975782354386119,-0.218743678465648,0,-8.84708972748172e-17,0.218743678465648,0.975782354386119,0,0,0.126452401280403,1.38777878078145e-17,1
			} 
		}
		PoseNode:  {
			Node: 2387140388784
			Matrix: *16 {
				a: 0.984357942363863,-0.00580748468298575,0.176084395750561,0,-0.020723993872978,0.988700886591188,0.14846115755953,0,-0.174957036233253,-0.149788136155255,0.973115506072226,0,1.21071934695675e-08,0.156536519527435,7.45058058998493e-09,1
			} 
		}
		PoseNode:  {
			Node: 2387140400784
			Matrix: *16 {
				a: 0.985989195765367,0.166770111624809,-0.00361049894248881,0,-0.00660788910348145,0.0606767883604161,0.998135593572267,0,0.166678257836951,-0.984127053394486,0.060928656160504,0,0.00416521262377501,0.0068320925347507,0.766633331775665,1
			} 
		}
	}
	AnimationStack: 2386265672944, "AnimStack::block-top-right", "" {
	}
	AnimationCurve: 2386758007696, "AnimCurve::", "" {
		Default: 0
		KeyVer: 4009
		KeyTime: *2 {
			a: 0,7697693000
		} 
		KeyValueFloat: *2 {
			a: 0,0
		} 
		;KeyAttrFlags: Cubic|TangeantAuto|GenericTimeIndependent, Cubic|TangeantAuto|GenericTimeIndependent
		KeyAttrFlags: *2 {
			a: 8456,8456
		} 
		;KeyAttrDataFloat: RightAuto:0, NextLeftAuto:0; RightAuto:0, NextLeftAuto:0
		KeyAttrDataFloat: *8 {
			a: 0,0,218434821,0,0,0,218434821,0
		} 
		KeyAttrRefCount: *2 {
			a: 1,1
		} 
	}
	AnimationCurve: 2386758007856, "AnimCurve::", "" {
		Default: 0
		KeyVer: 4009
		KeyTime: *2 {
			a: 0,7697693000
		} 
		KeyValueFloat: *2 {
			a: 0,0
		} 
		;KeyAttrFlags: Cubic|TangeantAuto|GenericTimeIndependent, Cubic|TangeantAuto|GenericTimeIndependent
		KeyAttrFlags: *2 {
			a: 8456,8456
		} 
		;KeyAttrDataFloat: RightAuto:0, NextLeftAuto:0; RightAuto:0, NextLeftAuto:0
		KeyAttrDataFloat: *8 {
			a: 0,0,218434821,0,0,0,218434821,0
		} 
		KeyAttrRefCount: *2 {
			a: 1,1
		} 
	}
	AnimationCurve: 2386758008016, "AnimCurve::", "" {
		Default: 0
		KeyVer: 4009
		KeyTime: *2 {
			a: 0,7697693000
		} 
		KeyValueFloat: *2 {
			a: 0,0
		} 
		;KeyAttrFlags: Cubic|TangeantAuto|GenericTimeIndependent, Cubic|TangeantAuto|GenericTimeIndependent
		KeyAttrFlags: *2 {
			a: 8456,8456
		} 
		;KeyAttrDataFloat: RightAuto:0, NextLeftAuto:0; RightAuto:0, NextLeftAuto:0
		KeyAttrDataFloat: *8 {
			a: 0,0,218434821,0,0,0,218434821,0
		} 
		KeyAttrRefCount: *2 {
			a: 1,1
		} 
	}
	AnimationCurve: 2386758008176, "AnimCurve::", "" {
		Default: -89.9999847412109
		KeyVer: 4009
		KeyTime: *2 {
			a: 0,7697693000
		} 
		KeyValueFloat: *2 {
			a: -89.99998,-89.99998
		} 
		;KeyAttrFlags: Cubic|TangeantAuto|GenericTimeIndependent, Cubic|TangeantAuto|GenericTimeIndependent
		KeyAttrFlags: *2 {
			a: 8456,8456
		} 
		;KeyAttrDataFloat: RightAuto:0, NextLeftAuto:0; RightAuto:0, NextLeftAuto:0
		KeyAttrDataFloat: *8 {
			a: 0,0,218434821,0,0,0,218434821,0
		} 
		KeyAttrRefCount: *2 {
			a: 1,1
		} 
	}
	AnimationCurve: 2386758008336, "AnimCurve::", "" {
		Default: 89.9999847412109
		KeyVer: 4009
		KeyTime: *2 {
			a: 0,7697693000
		} 
		KeyValueFloat: *2 {
			a: 89.99998,89.99998
		} 
		;KeyAttrFlags: Cubic|TangeantAuto|GenericTimeIndependent, Cubic|TangeantAuto|GenericTimeIndependent
		KeyAttrFlags: *2 {
			a: 8456,8456
		} 
		;KeyAttrDataFloat: RightAuto:0, NextLeftAuto:0; RightAuto:0, NextLeftAuto:0
		KeyAttrDataFloat: *8 {
			a: 0,0,218434821,0,0,0,218434821,0
		} 
		KeyAttrRefCount: *2 {
			a: 1,1
		} 
	}
	AnimationCurve: 2386758013936, "AnimCurve::", "" {
		Default: 0
		KeyVer: 4009
		KeyTime: *2 {
			a: 0,7697693000
		} 
		KeyValueFloat: *2 {
			a: 0,0
		} 
		;KeyAttrFlags: Cubic|TangeantAuto|GenericTimeIndependent, Cubic|TangeantAuto|GenericTimeIndependent
		KeyAttrFlags: *2 {
			a: 8456,8456
		} 
		;KeyAttrDataFloat: RightAuto:0, NextLeftAuto:0; RightAuto:0, NextLeftAuto:0
		KeyAttrDataFloat: *8 {
			a: 0,0,218434821,0,0,0,218434821,0
		} 
		KeyAttrRefCount: *2 {
			a: 1,1
		} 
	}
	AnimationCurve: 2386758011376, "AnimCurve::", "" {
		Default: 100
		KeyVer: 4009
		KeyTime: *2 {
			a: 0,7697693000
		} 
		KeyValueFloat: *2 {
			a: 100,100
		} 
		;KeyAttrFlags: Cubic|TangeantAuto|GenericTimeIndependent, Cubic|TangeantAuto|GenericTimeIndependent
		KeyAttrFlags: *2 {
			a: 8456,8456
		} 
		;KeyAttrDataFloat: RightAuto:0, NextLeftAuto:0; RightAuto:0, NextLeftAuto:0
		KeyAttrDataFloat: *8 {
			a: 0,0,218434821,0,0,0,218434821,0
		} 
		KeyAttrRefCount: *2 {
			a: 1,1
		} 
	}
	AnimationCurve: 2386758014896, "AnimCurve::", "" {
		Default: 100
		KeyVer: 4009
		KeyTime: *2 {
			a: 0,7697693000
		} 
		KeyValueFloat: *2 {
			a: 100,100
		} 
		;KeyAttrFlags: Cubic|TangeantAuto|GenericTimeIndependent, Cubic|TangeantAuto|GenericTimeIndependent
		KeyAttrFlags: *2 {
			a: 8456,8456
		} 
		;KeyAttrDataFloat: RightAuto:0, NextLeftAuto:0; RightAuto:0, NextLeftAuto:0
		KeyAttrDataFloat: *8 {
			a: 0,0,218434821,0,0,0,218434821,0
		} 
		KeyAttrRefCount: *2 {
			a: 1,1
		} 
	}
	AnimationCurve: 2386758014736, "AnimCurve::", "" {
		Default: 100
		KeyVer: 4009
		KeyTime: *2 {
			a: 0,7697693000
		} 
		KeyValueFloat: *2 {
			a: 100,100
		} 
		;KeyAttrFlags: Cubic|TangeantAuto|GenericTimeIndependent, Cubic|TangeantAuto|GenericTimeIndependent
		KeyAttrFlags: *2 {
			a: 8456,8456
		} 
		;KeyAttrDataFloat: RightAuto:0, NextLeftAuto:0; RightAuto:0, NextLeftAuto:0
		KeyAttrDataFloat: *8 {
			a: 0,0,218434821,0,0,0,218434821,0
		} 
		KeyAttrRefCount: *2 {
			a: 1,1
		} 
	}
	AnimationCurve: 2386758017616, "AnimCurve::", "" {
		Default: 0.00416521262377501
		KeyVer: 4009
		KeyTime: *2 {
			a: 0,7697693000
		} 
		KeyValueFloat: *2 {
			a: 0.004165213,0.004165213
		} 
		;KeyAttrFlags: Cubic|TangeantAuto|GenericTimeIndependent, Cubic|TangeantAuto|GenericTimeIndependent
		KeyAttrFlags: *2 {
			a: 8456,8456
		} 
		;KeyAttrDataFloat: RightAuto:0, NextLeftAuto:0; RightAuto:0, NextLeftAuto:0
		KeyAttrDataFloat: *8 {
			a: 0,0,218434821,0,0,0,218434821,0
		} 
		KeyAttrRefCount: *2 {
			a: 1,1
		} 
	}
	AnimationCurve: 2386758017456, "AnimCurve::", "" {
		Default: 0.0068320925347507
		KeyVer: 4009
		KeyTime: *2 {
			a: 0,7697693000
		} 
