; FBX 7.7.0 project file
; ----------------------------------------------------

FBXHeaderExtension:  {
	FBXHeaderVersion: 1004
	FBXVersion: 7700
	CreationTimeStamp:  {
		Version: 1000
		Year: 2023
		Month: 3
		Day: 7
		Hour: 15
		Minute: 9
		Second: 35
		Millisecond: 844
	}
	Creator: "FBX SDK/FBX Plugins version 2020.2"
	OtherFlags:  {
		TCDefinition: 127
	}
	SceneInfo: "SceneInfo::GlobalInfo", "UserData" {
		Type: "UserData"
		Version: 100
		MetaData:  {
			Version: 100
			Title: ""
			Subject: ""
			Author: ""
			Keywords: ""
			Revision: ""
			Comment: ""
		}
		Properties70:  {
			P: "DocumentUrl", "KString", "Url", "", "C:\Users\patri\Documents\work-folder\game-dev\Unity\uppercut-city\Assets\Characters\Common\BoxerAnimations\block-bottom-left.fbx"
			P: "SrcDocumentUrl", "KString", "Url", "", "C:\Users\patri\Documents\work-folder\game-dev\Unity\uppercut-city\Assets\Characters\Common\BoxerAnimations\block-bottom-left.fbx"
			P: "Original", "Compound", "", ""
			P: "Original|ApplicationVendor", "KString", "", "", ""
			P: "Original|ApplicationName", "KString", "", "", ""
			P: "Original|ApplicationVersion", "KString", "", "", ""
			P: "Original|DateTime_GMT", "DateTime", "", "", ""
			P: "Original|FileName", "KString", "", "", ""
			P: "LastSaved", "Compound", "", ""
			P: "LastSaved|ApplicationVendor", "KString", "", "", ""
			P: "LastSaved|ApplicationName", "KString", "", "", ""
			P: "LastSaved|ApplicationVersion", "KString", "", "", ""
			P: "LastSaved|DateTime_GMT", "DateTime", "", "", ""
		}
	}
}
GlobalSettings:  {
	Version: 1000
	Properties70:  {
		P: "UpAxis", "int", "Integer", "",1
		P: "UpAxisSign", "int", "Integer", "",1
		P: "FrontAxis", "int", "Integer", "",2
		P: "FrontAxisSign", "int", "Integer", "",1
		P: "CoordAxis", "int", "Integer", "",0
		P: "CoordAxisSign", "int", "Integer", "",1
		P: "OriginalUpAxis", "int", "Integer", "",-1
		P: "OriginalUpAxisSign", "int", "Integer", "",1
		P: "UnitScaleFactor", "double", "Number", "",1
		P: "OriginalUnitScaleFactor", "double", "Number", "",1
		P: "AmbientColor", "ColorRGB", "Color", "",0,0,0
		P: "DefaultCamera", "KString", "", "", "Producer Perspective"
		P: "TimeMode", "enum", "", "",6
		P: "TimeProtocol", "enum", "", "",2
		P: "SnapOnFrameMode", "enum", "", "",0
		P: "TimeSpanStart", "KTime", "Time", "",0
		P: "TimeSpanStop", "KTime", "Time", "",46186158000
		P: "CustomFrameRate", "double", "Number", "",-1
		P: "TimeMarker", "Compound", "", ""
		P: "CurrentTimeMarker", "int", "Integer", "",-1
	}
}

; Documents Description
;------------------------------------------------------------------

Documents:  {
	Count: 1
	Document: 2760675654368, "myScene", "Scene" {
		Properties70:  {
			P: "SourceObject", "object", "", ""
			P: "ActiveAnimStackName", "KString", "", "", ""
		}
		RootNode: 0
	}
}

; Document References
;------------------------------------------------------------------

References:  {
}

; Object definitions
;------------------------------------------------------------------

Definitions:  {
	Version: 100
	Count: 354
	ObjectType: "GlobalSettings" {
		Count: 1
	}
	ObjectType: "NodeAttribute" {
		Count: 25
		PropertyTemplate: "FbxNull" {
			Properties70:  {
				P: "Color", "ColorRGB", "Color", "",0.8,0.8,0.8
				P: "Size", "double", "Number", "",100
				P: "Look", "enum", "", "",1
			}
		}
	}
	ObjectType: "Model" {
		Count: 25
		PropertyTemplate: "FbxNode" {
			Properties70:  {
				P: "QuaternionInterpolate", "enum", "", "",0
				P: "RotationOffset", "Vector3D", "Vector", "",0,0,0
				P: "RotationPivot", "Vector3D", "Vector", "",0,0,0
				P: "ScalingOffset", "Vector3D", "Vector", "",0,0,0
				P: "ScalingPivot", "Vector3D", "Vector", "",0,0,0
				P: "TranslationActive", "bool", "", "",0
				P: "TranslationMin", "Vector3D", "Vector", "",0,0,0
				P: "TranslationMax", "Vector3D", "Vector", "",0,0,0
				P: "TranslationMinX", "bool", "", "",0
				P: "TranslationMinY", "bool", "", "",0
				P: "TranslationMinZ", "bool", "", "",0
				P: "TranslationMaxX", "bool", "", "",0
				P: "TranslationMaxY", "bool", "", "",0
				P: "TranslationMaxZ", "bool", "", "",0
				P: "RotationOrder", "enum", "", "",0
				P: "RotationSpaceForLimitOnly", "bool", "", "",0
				P: "RotationStiffnessX", "double", "Number", "",0
				P: "RotationStiffnessY", "double", "Number", "",0
				P: "RotationStiffnessZ", "double", "Number", "",0
				P: "AxisLen", "double", "Number", "",10
				P: "PreRotation", "Vector3D", "Vector", "",0,0,0
				P: "PostRotation", "Vector3D", "Vector", "",0,0,0
				P: "RotationActive", "bool", "", "",0
				P: "RotationMin", "Vector3D", "Vector", "",0,0,0
				P: "RotationMax", "Vector3D", "Vector", "",0,0,0
				P: "RotationMinX", "bool", "", "",0
				P: "RotationMinY", "bool", "", "",0
				P: "RotationMinZ", "bool", "", "",0
				P: "RotationMaxX", "bool", "", "",0
				P: "RotationMaxY", "bool", "", "",0
				P: "RotationMaxZ", "bool", "", "",0
				P: "InheritType", "enum", "", "",0
				P: "ScalingActive", "bool", "", "",0
				P: "ScalingMin", "Vector3D", "Vector", "",0,0,0
				P: "ScalingMax", "Vector3D", "Vector", "",1,1,1
				P: "ScalingMinX", "bool", "", "",0
				P: "ScalingMinY", "bool", "", "",0
				P: "ScalingMinZ", "bool", "", "",0
				P: "ScalingMaxX", "bool", "", "",0
				P: "ScalingMaxY", "bool", "", "",0
				P: "ScalingMaxZ", "bool", "", "",0
				P: "GeometricTranslation", "Vector3D", "Vector", "",0,0,0
				P: "GeometricRotation", "Vector3D", "Vector", "",0,0,0
				P: "GeometricScaling", "Vector3D", "Vector", "",1,1,1
				P: "MinDampRangeX", "double", "Number", "",0
				P: "MinDampRangeY", "double", "Number", "",0
				P: "MinDampRangeZ", "double", "Number", "",0
				P: "MaxDampRangeX", "double", "Number", "",0
				P: "MaxDampRangeY", "double", "Number", "",0
				P: "MaxDampRangeZ", "double", "Number", "",0
				P: "MinDampStrengthX", "double", "Number", "",0
				P: "MinDampStrengthY", "double", "Number", "",0
				P: "MinDampStrengthZ", "double", "Number", "",0
				P: "MaxDampStrengthX", "double", "Number", "",0
				P: "MaxDampStrengthY", "double", "Number", "",0
				P: "MaxDampStrengthZ", "double", "Number", "",0
				P: "PreferedAngleX", "double", "Number", "",0
				P: "PreferedAngleY", "double", "Number", "",0
				P: "PreferedAngleZ", "double", "Number", "",0
				P: "LookAtProperty", "object", "", ""
				P: "UpVectorProperty", "object", "", ""
				P: "Show", "bool", "", "",1
				P: "NegativePercentShapeSupport", "bool", "", "",1
				P: "DefaultAttributeIndex", "int", "Integer", "",-1
				P: "Freeze", "bool", "", "",0
				P: "LODBox", "bool", "", "",0
				P: "Lcl Translation", "Lcl Translation", "", "A",0,0,0
				P: "Lcl Rotation", "Lcl Rotation", "", "A",0,0,0
				P: "Lcl Scaling", "Lcl Scaling", "", "A",1,1,1
				P: "Visibility", "Visibility", "", "A",1
				P: "Visibility Inheritance", "Visibility Inheritance", "", "",1
			}
		}
	}
	ObjectType: "Pose" {
		Count: 1
	}
	ObjectType: "AnimationStack" {
		Count: 1
		PropertyTemplate: "FbxAnimStack" {
			Properties70:  {
				P: "Description", "KString", "", "", ""
				P: "LocalStart", "KTime", "Time", "",0
				P: "LocalStop", "KTime", "Time", "",0
				P: "ReferenceStart", "KTime", "Time", "",0
				P: "ReferenceStop", "KTime", "Time", "",0
			}
		}
	}
	ObjectType: "AnimationLayer" {
		Count: 1
		PropertyTemplate: "FbxAnimLayer" {
			Properties70:  {
				P: "Weight", "Number", "", "A",100
				P: "Mute", "bool", "", "",0
				P: "Solo", "bool", "", "",0
				P: "Lock", "bool", "", "",0
				P: "Color", "ColorRGB", "Color", "",0.8,0.8,0.8
				P: "BlendMode", "enum", "", "",0
				P: "RotationAccumulationMode", "enum", "", "",0
				P: "ScaleAccumulationMode", "enum", "", "",0
				P: "BlendModeBypass", "ULongLong", "", "",0
			}
		}
	}
	ObjectType: "AnimationCurveNode" {
		Count: 75
		PropertyTemplate: "FbxAnimCurveNode" {
			Properties70:  {
				P: "d", "Compound", "", ""
			}
		}
	}
	ObjectType: "AnimationCurve" {
		Count: 225
	}
}

; Object properties
;------------------------------------------------------------------

Objects:  {
	NodeAttribute: 2759700359312, "NodeAttribute::", "Null" {
		TypeFlags: "Null"
	}
	NodeAttribute: 2762450437136, "NodeAttribute::spine", "LimbNode" {
		Properties70:  {
			P: "Size", "double", "Number", "",3.28587698936462
		}
		TypeFlags: "Skeleton"
	}
	NodeAttribute: 2762450437520, "NodeAttribute::spine.001", "LimbNode" {
		Properties70:  {
			P: "Size", "double", "Number", "",2.95710468292236
		}
		TypeFlags: "Skeleton"
	}
	NodeAttribute: 2762450440400, "NodeAttribute::spine.002", "LimbNode" {
		Properties70:  {
			P: "Size", "double", "Number", "",2.50252175331116
		}
		TypeFlags: "Skeleton"
	}
	NodeAttribute: 2762450436560, "NodeAttribute::spine.003", "LimbNode" {
		Properties70:  {
			P: "Size", "double", "Number", "",3.05492115020752
		}
		TypeFlags: "Skeleton"
	}
	NodeAttribute: 2762450439440, "NodeAttribute::spine.004", "LimbNode" {
		Properties70:  {
			P: "Size", "double", "Number", "",5.68054151535034
		}
		TypeFlags: "Skeleton"
	}
	NodeAttribute: 2762450441552, "NodeAttribute::spine.005", "LimbNode" {
		Properties70:  {
			P: "Size", "double", "Number", "",6.89283752441406
		}
		TypeFlags: "Skeleton"
	}
	NodeAttribute: 2762450443280, "NodeAttribute::shoulder.L", "LimbNode" {
		Properties70:  {
			P: "Size", "double", "Number", "",3.00270175933838
		}
		TypeFlags: "Skeleton"
	}
	NodeAttribute: 2762450439824, "NodeAttribute::upper_arm.L", "LimbNode" {
		Properties70:  {
			P: "Size", "double", "Number", "",2.34677624702454
		}
		TypeFlags: "Skeleton"
	}
	NodeAttribute: 2762450436944, "NodeAttribute::forearm.L", "LimbNode" {
		Properties70:  {
			P: "Size", "double", "Number", "",3.18843913078308
		}
		TypeFlags: "Skeleton"
	}
	NodeAttribute: 2762450438288, "NodeAttribute::hand.L", "LimbNode" {
		Properties70:  {
			P: "Size", "double", "Number", "",5.47286701202393
		}
		TypeFlags: "Skeleton"
	}
	NodeAttribute: 2762450440976, "NodeAttribute::shoulder.R", "LimbNode" {
		Properties70:  {
			P: "Size", "double", "Number", "",3.00359797477722
		}
		TypeFlags: "Skeleton"
	}
	NodeAttribute: 2762450437904, "NodeAttribute::upper_arm.R", "LimbNode" {
		Properties70:  {
			P: "Size", "double", "Number", "",2.34828996658325
		}
		TypeFlags: "Skeleton"
	}
	NodeAttribute: 2762450447696, "NodeAttribute::forearm.R", "LimbNode" {
		Properties70:  {
			P: "Size", "double", "Number", "",3.13255071640015
		}
		TypeFlags: "Skeleton"
	}
	NodeAttribute: 2762450445584, "NodeAttribute::hand.R", "LimbNode" {
		Properties70:  {
			P: "Size", "double", "Number", "",5.54159164428711
		}
		TypeFlags: "Skeleton"
	}
	NodeAttribute: 2762450445968, "NodeAttribute::pelvis.L", "LimbNode" {
		Properties70:  {
			P: "Size", "double", "Number", "",3.16468071937561
		}
		TypeFlags: "Skeleton"
	}
	NodeAttribute: 2762450437712, "NodeAttribute::pelvis.R", "LimbNode" {
		Properties70:  {
			P: "Size", "double", "Number", "",3.1727466583252
		}
		TypeFlags: "Skeleton"
	}
	NodeAttribute: 2762450443088, "NodeAttribute::thigh.L", "LimbNode" {
		Properties70:  {
			P: "Size", "double", "Number", "",2.33007216453552
		}
		TypeFlags: "Skeleton"
	}
	NodeAttribute: 2762450438480, "NodeAttribute::shin.L", "LimbNode" {
		Properties70:  {
			P: "Size", "double", "Number", "",2.86792755126953
		}
		TypeFlags: "Skeleton"
	}
	NodeAttribute: 2762450438672, "NodeAttribute::foot.L", "LimbNode" {
		Properties70:  {
			P: "Size", "double", "Number", "",3.22272825241089
		}
		TypeFlags: "Skeleton"
	}
	NodeAttribute: 2762450444048, "NodeAttribute::toe.L", "LimbNode" {
		Properties70:  {
			P: "Size", "double", "Number", "",2.65555262565613
		}
		TypeFlags: "Skeleton"
	}
	NodeAttribute: 2762450441744, "NodeAttribute::thigh.R", "LimbNode" {
		Properties70:  {
			P: "Size", "double", "Number", "",2.33012890815735
		}
		TypeFlags: "Skeleton"
	}
	NodeAttribute: 2762450439632, "NodeAttribute::shin.R", "LimbNode" {
		Properties70:  {
			P: "Size", "double", "Number", "",2.86725783348083
		}
		TypeFlags: "Skeleton"
	}
	NodeAttribute: 2762450438864, "NodeAttribute::foot.R", "LimbNode" {
		Properties70:  {
			P: "Size", "double", "Number", "",3.22272825241089
		}
		TypeFlags: "Skeleton"
	}
	NodeAttribute: 2762450439248, "NodeAttribute::toe.R", "LimbNode" {
		Properties70:  {
			P: "Size", "double", "Number", "",2.65555262565613
		}
		TypeFlags: "Skeleton"
	}
	Model: 2761927554464, "Model::metarig", "Null" {
		Version: 232
		Properties70:  {
			P: "PreRotation", "Vector3D", "Vector", "",-0,-90,0
			P: "RotationActive", "bool", "", "",1
			P: "InheritType", "enum", "", "",1
			P: "ScalingMax", "Vector3D", "Vector", "",0,0,0
			P: "DefaultAttributeIndex", "int", "Integer", "",0
			P: "Lcl Rotation", "Lcl Rotation", "", "A+",-89.9999923706055,89.9999847412109,0
			P: "Lcl Scaling", "Lcl Scaling", "", "A+",100,100,100
		}
		Shading: Y
		Culling: "CullingOff"
	}
	Model: 2762135007104, "Model::spine", "LimbNode" {
		Version: 232
		Properties70:  {
			P: "RotationActive", "bool", "", "",1
			P: "InheritType", "enum", "", "",1
			P: "ScalingMax", "Vector3D", "Vector", "",0,0,0
			P: "DefaultAttributeIndex", "int", "Integer", "",0
			P: "Lcl Translation", "Lcl Translation", "", "A+",-0.00301359780132771,0.00675863772630692,0.766633450984955
			P: "Lcl Rotation", "Lcl Rotation", "", "A+",86.5027236938477,0.0605622008442879,0.764011740684509
		}
		Shading: Y
		Culling: "CullingOff"
	}
	Model: 2762135001104, "Model::spine.001", "LimbNode" {
		Version: 232
		Properties70:  {
			P: "RotationActive", "bool", "", "",1
			P: "InheritType", "enum", "", "",1
			P: "ScalingMax", "Vector3D", "Vector", "",0,0,0
			P: "DefaultAttributeIndex", "int", "Integer", "",0
			P: "Lcl Translation", "Lcl Translation", "", "A+",7.21774995326996e-09,0.156535923480988,3.72529029846191e-09
			P: "Lcl Rotation", "Lcl Rotation", "", "A+",8.63229370117188,-0.433990478515625,-0.005615234375
			P: "Lcl Scaling", "Lcl Scaling", "", "A+",1,0.999999821186066,1.00000011920929
		}
		Shading: Y
		Culling: "CullingOff"
	}
	Model: 2762135011104, "Model::spine.002", "LimbNode" {
		Version: 232
		Properties70:  {
			P: "RotationActive", "bool", "", "",1
			P: "InheritType", "enum", "", "",1
			P: "ScalingMax", "Vector3D", "Vector", "",0,0,0
			P: "DefaultAttributeIndex", "int", "Integer", "",0
			P: "Lcl Translation", "Lcl Translation", "", "A+",0,0.126452401280403,0
			P: "Lcl Rotation", "Lcl Rotation", "", "A+",-12.63525390625,-7.01670912670559e-15,-7.01670912670559e-15
		}
		Shading: Y
		Culling: "CullingOff"
	}
	Model: 2762135009104, "Model::spine.003", "LimbNode" {
		Version: 232
		Properties70:  {
			P: "RotationActive", "bool", "", "",1
			P: "InheritType", "enum", "", "",1
			P: "ScalingMax", "Vector3D", "Vector", "",0,0,0
			P: "DefaultAttributeIndex", "int", "Integer", "",0
			P: "Lcl Translation", "Lcl Translation", "", "A+",1.76951289176941e-08,0.135405778884888,8.94069671630859e-08
			P: "Lcl Rotation", "Lcl Rotation", "", "A+",5.56314086914062,-0.01422119140625,-0.0018768310546875
			P: "Lcl Scaling", "Lcl Scaling", "", "A+",1,0.999999821186066,0.999999821186066
		}
		Shading: Y
		Culling: "CullingOff"
	}
	Model: 2762135015104, "Model::spine.004", "LimbNode" {
		Version: 232
		Properties70:  {
			P: "RotationActive", "bool", "", "",1
			P: "InheritType", "enum", "", "",1
			P: "ScalingMax", "Vector3D", "Vector", "",0,0,0
			P: "DefaultAttributeIndex", "int", "Integer", "",0
			P: "Lcl Translation", "Lcl Translation", "", "A+",3.42261046171188e-08,0.184119939804077,-6.14672899246216e-08
			P: "Lcl Rotation", "Lcl Rotation", "", "A+",20.2666168212891,0.0780792236328125,-0.167007446289062
			P: "Lcl Scaling", "Lcl Scaling", "", "A+",1,1,0.999999821186066
		}
		Shading: Y
		Culling: "CullingOff"
	}
	Model: 2762135013104, "Model::spine.005", "LimbNode" {
		Version: 232
		Properties70:  {
			P: "RotationActive", "bool", "", "",1
			P: "InheritType", "enum", "", "",1
			P: "ScalingMax", "Vector3D", "Vector", "",0,0,0
			P: "DefaultAttributeIndex", "int", "Integer", "",0
			P: "Lcl Translation", "Lcl Translation", "", "A+",4.4703483581543e-08,0.117625951766968,-2.98023223876953e-08
			P: "Lcl Rotation", "Lcl Rotation", "", "A+",-16.5430946350098,-0.0198420006781816,0.171476349234581
			P: "Lcl Scaling", "Lcl Scaling", "", "A+",1,0.999999821186066,1
		}
		Shading: Y
		Culling: "CullingOff"
	}
	Model: 2762135025104, "Model::shoulder.L", "LimbNode" {
		Version: 232
		Properties70:  {
			P: "RotationActive", "bool", "", "",1
			P: "InheritType", "enum", "", "",1
			P: "ScalingMax", "Vector3D", "Vector", "",0,0,0
			P: "DefaultAttributeIndex", "int", "Integer", "",0
			P: "Lcl Translation", "Lcl Translation", "", "A+",0.0271404143422842,0.190253853797913,0.00413663685321808
			P: "Lcl Rotation", "Lcl Rotation", "", "A+",8.21345520019531,-71.8440780639648,-100.681854248047
			P: "Lcl Scaling", "Lcl Scaling", "", "A+",0.999999821186066,0.999999821186066,0.999999821186066
		}
		Shading: Y
		Culling: "CullingOff"
	}
	Model: 2762135017104, "Model::upper_arm.L", "LimbNode" {
		Version: 232
		Properties70:  {
			P: "RotationActive", "bool", "", "",1
			P: "InheritType", "enum", "", "",1
			P: "ScalingMax", "Vector3D", "Vector", "",0,0,0
			P: "DefaultAttributeIndex", "int", "Integer", "",0
			P: "Lcl Translation", "Lcl Translation", "", "A+",-0.00921794772148132,0.178763568401337,-0.019684910774231
			P: "Lcl Rotation", "Lcl Rotation", "", "A+",-121.979270935059,21.6298828125,-146.074523925781
			P: "Lcl Scaling", "Lcl Scaling", "", "A+",1,0.999999821186066,0.999999821186066
		}
		Shading: Y
		Culling: "CullingOff"
	}
	Model: 2762134995104, "Model::forearm.L", "LimbNode" {
		Version: 232
		Properties70:  {
			P: "RotationActive", "bool", "", "",1
			P: "InheritType", "enum", "", "",1
			P: "ScalingMax", "Vector3D", "Vector", "",0,0,0
			P: "DefaultAttributeIndex", "int", "Integer", "",0
			P: "Lcl Translation", "Lcl Translation", "", "A+",-5.96046447753906e-08,0.197035729885101,5.96046447753906e-08
			P: "Lcl Rotation", "Lcl Rotation", "", "A+",87.8889770507812,-8.75632095336914,8.51020622253418
			P: "Lcl Scaling", "Lcl Scaling", "", "A+",0.999999821186066,0.999999821186066,1
		}
		Shading: Y
		Culling: "CullingOff"
	}
	Model: 2762135019104, "Model::hand.L", "LimbNode" {
		Version: 232
		Properties70:  {
			P: "RotationActive", "bool", "", "",1
			P: "InheritType", "enum", "", "",1
			P: "ScalingMax", "Vector3D", "Vector", "",0,0,0
			P: "DefaultAttributeIndex", "int", "Integer", "",0
			P: "Lcl Translation", "Lcl Translation", "", "A+",-2.98023223876953e-08,0.242479622364044,1.78813934326172e-07
			P: "Lcl Rotation", "Lcl Rotation", "", "A+",12.687255859375,-26.3636779785156,-0.871414184570312
			P: "Lcl Scaling", "Lcl Scaling", "", "A+",0.999999821186066,1,0.999999821186066
		}
		Shading: Y
		Culling: "CullingOff"
	}
	Model: 2762135003104, "Model::shoulder.R", "LimbNode" {
		Version: 232
		Properties70:  {
			P: "RotationActive", "bool", "", "",1
			P: "InheritType", "enum", "", "",1
			P: "ScalingMax", "Vector3D", "Vector", "",0,0,0
			P: "DefaultAttributeIndex", "int", "Integer", "",0
			P: "Lcl Translation", "Lcl Translation", "", "A+",-0.0271403267979622,0.190253734588623,0.00413667038083076
			P: "Lcl Rotation", "Lcl Rotation", "", "A+",16.1919536590576,72.0507354736328,101.757362365723
			P: "Lcl Scaling", "Lcl Scaling", "", "A+",1,1.00000011920929,1
		}
		Shading: Y
		Culling: "CullingOff"
	}
	Model: 2762135023104, "Model::upper_arm.R", "LimbNode" {
		Version: 232
		Properties70:  {
			P: "RotationActive", "bool", "", "",1
			P: "InheritType", "enum", "", "",1
			P: "ScalingMax", "Vector3D", "Vector", "",0,0,0
			P: "DefaultAttributeIndex", "int", "Integer", "",0
			P: "Lcl Translation", "Lcl Translation", "", "A+",0.00921785831451416,0.178763672709465,-0.0196845531463623
			P: "Lcl Rotation", "Lcl Rotation", "", "A+",-80.2768020629883,-51.5274467468262,176.946655273438
			P: "Lcl Scaling", "Lcl Scaling", "", "A+",0.999999821186066,1,0.999999821186066
		}
		Shading: Y
		Culling: "CullingOff"
	}
	Model: 2762134999104, "Model::forearm.R", "LimbNode" {
		Version: 232
		Properties70:  {
			P: "RotationActive", "bool", "", "",1
			P: "InheritType", "enum", "", "",1
			P: "ScalingMax", "Vector3D", "Vector", "",0,0,0
			P: "DefaultAttributeIndex", "int", "Integer", "",0
			P: "Lcl Translation", "Lcl Translation", "", "A+",-1.19209289550781e-07,0.197035908699036,8.94069671630859e-08
			P: "Lcl Rotation", "Lcl Rotation", "", "A+",65.0524368286133,5.48199462890625,-7.71635437011719
			P: "Lcl Scaling", "Lcl Scaling", "", "A+",0.999999821186066,0.999999821186066,0.999999821186066
		}
		Shading: Y
		Culling: "CullingOff"
	}
	Model: 2762135021104, "Model::hand.R", "LimbNode" {
		Version: 232
		Properties70:  {
			P: "RotationActive", "bool", "", "",1
			P: "InheritType", "enum", "", "",1
			P: "ScalingMax", "Vector3D", "Vector", "",0,0,0
			P: "DefaultAttributeIndex", "int", "Integer", "",0
			P: "Lcl Translation", "Lcl Translation", "", "A+",2.98023223876953e-07,0.242479652166367,1.78813934326172e-07
			P: "Lcl Rotation", "Lcl Rotation", "", "A+",26.8951549530029,44.406551361084,38.4519462585449
			P: "Lcl Scaling", "Lcl Scaling", "", "A+",0.999999821186066,1,1.00000011920929
		}
		Shading: Y
		Culling: "CullingOff"
	}
	Model: 2762134997104, "Model::pelvis.L", "LimbNode" {
		Version: 232
		Properties70:  {
			P: "RotationActive", "bool", "", "",1
			P: "InheritType", "enum", "", "",1
			P: "ScalingMax", "Vector3D", "Vector", "",0,0,0
			P: "DefaultAttributeIndex", "int", "Integer", "",0
			P: "Lcl Translation", "Lcl Translation", "", "A+",0,0.00805620010942221,-0.0206966008991003
			P: "Lcl Rotation", "Lcl Rotation", "", "A+",117.19588470459,-75.9131393432617,-163.189834594727
			P: "Lcl Scaling", "Lcl Scaling", "", "A+",1.00000011920929,1.00000011920929,1
		}
		Shading: Y
		Culling: "CullingOff"
	}
	Model: 2762135005104, "Model::pelvis.R", "LimbNode" {
		Version: 232
		Properties70:  {
			P: "RotationActive", "bool", "", "",1
			P: "InheritType", "enum", "", "",1
			P: "ScalingMax", "Vector3D", "Vector", "",0,0,0
			P: "DefaultAttributeIndex", "int", "Integer", "",0
			P: "Lcl Translation", "Lcl Translation", "", "A+",0,0.00805620010942221,-0.0206966008991003
			P: "Lcl Rotation", "Lcl Rotation", "", "A+",117.195762634277,75.9132080078125,163.18977355957
			P: "Lcl Scaling", "Lcl Scaling", "", "A+",1.00000011920929,1,1
		}
		Shading: Y
		Culling: "CullingOff"
	}
	Model: 2761805524608, "Model::thigh.L", "LimbNode" {
		Version: 232
		Properties70:  {
			P: "RotationActive", "bool", "", "",1
			P: "InheritType", "enum", "", "",1
			P: "ScalingMax", "Vector3D", "Vector", "",0,0,0
			P: "DefaultAttributeIndex", "int", "Integer", "",0
			P: "Lcl Translation", "Lcl Translation", "", "A+",0.105214796960354,0.0975458025932312,-0.00724531337618828
			P: "Lcl Rotation", "Lcl Rotation", "", "A+",173.552871704102,9.86269664764404,2.82705855369568
			P: "Lcl Scaling", "Lcl Scaling", "", "A+",1.00000011920929,1.00000011920929,1.00000584125519
		}
		Shading: Y
		Culling: "CullingOff"
	}
	Model: 2761805504608, "Model::shin.L", "LimbNode" {
		Version: 232
		Properties70:  {
			P: "RotationActive", "bool", "", "",1
			P: "InheritType", "enum", "", "",1
			P: "ScalingMax", "Vector3D", "Vector", "",0,0,0
			P: "DefaultAttributeIndex", "int", "Integer", "",0
			P: "Lcl Translation", "Lcl Translation", "", "A+",-7.45058059692383e-08,0.391098469495773,1.63912773132324e-07
			P: "Lcl Rotation", "Lcl Rotation", "", "A+",18.9191741943359,0.38409423828125,-2.33909606933594
			P: "Lcl Scaling", "Lcl Scaling", "", "A+",1,0.999999821186066,1
		}
		Shading: Y
		Culling: "CullingOff"
	}
	Model: 2761805516608, "Model::foot.L", "LimbNode" {
		Version: 232
		Properties70:  {
			P: "RotationActive", "bool", "", "",1
			P: "InheritType", "enum", "", "",1
			P: "ScalingMax", "Vector3D", "Vector", "",0,0,0
			P: "DefaultAttributeIndex", "int", "Integer", "",0
			P: "Lcl Translation", "Lcl Translation", "", "A+",1.49011611938477e-08,0.407674461603165,-3.94647940993309e-08
			P: "Lcl Rotation", "Lcl Rotation", "", "A+",-69.5424575805664,1.52395272254944,3.16626310348511
			P: "Lcl Scaling", "Lcl Scaling", "", "A+",1,0.999999821186066,0.999999821186066
		}
		Shading: Y
		Culling: "CullingOff"
	}
	Model: 2761805506608, "Model::toe.L", "LimbNode" {
		Version: 232
		Properties70:  {
			P: "RotationActive", "bool", "", "",1
			P: "InheritType", "enum", "", "",1
			P: "ScalingMax", "Vector3D", "Vector", "",0,0,0
			P: "DefaultAttributeIndex", "int", "Integer", "",0
			P: "Lcl Translation", "Lcl Translation", "", "A+",1.49011611938477e-08,0.130335777997971,-7.45058059692383e-08
			P: "Lcl Rotation", "Lcl Rotation", "", "A+",-150.957260131836,0.294570922851562,-177.805145263672
			P: "Lcl Scaling", "Lcl Scaling", "", "A+",0.999999821186066,0.999999821186066,1
		}
		Shading: Y
		Culling: "CullingOff"
	}
	Model: 2761805526608, "Model::thigh.R", "LimbNode" {
		Version: 232
		Properties70:  {
			P: "RotationActive", "bool", "", "",1
			P: "InheritType", "enum", "", "",1
			P: "ScalingMax", "Vector3D", "Vector", "",0,0,0
			P: "DefaultAttributeIndex", "int", "Integer", "",0
			P: "Lcl Translation", "Lcl Translation", "", "A+",-0.105214916169643,0.097550630569458,-0.00724117830395699
			P: "Lcl Rotation", "Lcl Rotation", "", "A+",173.692947387695,-8.91569519042969,-1.98684692382812
			P: "Lcl Scaling", "Lcl Scaling", "", "A+",0.999999821186066,1,1.00000071525574
		}
		Shading: Y
		Culling: "CullingOff"
	}
	Model: 2761805532608, "Model::shin.R", "LimbNode" {
		Version: 232
		Properties70:  {
			P: "RotationActive", "bool", "", "",1
			P: "InheritType", "enum", "", "",1
			P: "ScalingMax", "Vector3D", "Vector", "",0,0,0
			P: "DefaultAttributeIndex", "int", "Integer", "",0
			P: "Lcl Translation", "Lcl Translation", "", "A+",2.98023223876953e-08,0.391098618507385,1.49011611938477e-08
			P: "Lcl Rotation", "Lcl Rotation", "", "A+",19.2329292297363,-0.390280574560165,2.33736991882324
			P: "Lcl Scaling", "Lcl Scaling", "", "A+",0.999999821186066,0.999999821186066,0.999999821186066
		}
		Shading: Y
		Culling: "CullingOff"
	}
	Model: 2761805534608, "Model::foot.R", "LimbNode" {
		Version: 232
		Properties70:  {
			P: "RotationActive", "bool", "", "",1
			P: "InheritType", "enum", "", "",1
			P: "ScalingMax", "Vector3D", "Vector", "",0,0,0
			P: "DefaultAttributeIndex", "int", "Integer", "",0
			P: "Lcl Translation", "Lcl Translation", "", "A+",-1.49011611938477e-07,0.407674729824066,4.74974513053894e-08
			P: "Lcl Rotation", "Lcl Rotation", "", "A+",-70.1629943847656,-3.43545532226562,-2.19851684570312
		}
		Shading: Y
		Culling: "CullingOff"
	}
	Model: 2761805512608, "Model::toe.R", "LimbNode" {
		Version: 232
		Properties70:  {
			P: "RotationActive", "bool", "", "",1
			P: "InheritType", "enum", "", "",1
			P: "ScalingMax", "Vector3D", "Vector", "",0,0,0
			P: "DefaultAttributeIndex", "int", "Integer", "",0
			P: "Lcl Translation", "Lcl Translation", "", "A+",-1.49011611938477e-08,0.130336225032806,-5.21540641784668e-08
			P: "Lcl Rotation", "Lcl Rotation", "", "A+",-150.9111328125,-0.292797297239304,177.806259155273
			P: "Lcl Scaling", "Lcl Scaling", "", "A+",0.999999821186066,0.999999701976776,1
		}
		Shading: Y
		Culling: "CullingOff"
	}
	Pose: 2759700359136, "Pose::BindPose", "BindPose" {
		Type: "BindPose"
		Version: 100
		NbPoseNodes: 25
		PoseNode:  {
			Node: 2761927554464
			Matrix: *16 {
				a: 99.9999999999965,0,2.6631610894334e-05,0,2.66316108943338e-05,1.33158054421881e-05,-99.9999999999956,0,-3.54621349281009e-12,99.9999999999991,1.33158054421876e-05,0,0,0,0,1
			} 
		}
		PoseNode:  {
			Node: 2761805512608
			Matrix: *16 {
				a: -0.999253877495093,0.0382781398462264,0.00511025372159036,0,0.0309678162655162,0.873321090536076,-0.486159100639147,0,-0.0230721693965027,-0.485638344565257,-0.873855293104789,0,-1.49011612216032e-08,0.130336225032806,-5.21540641923446e-08,1
			} 
		}
		PoseNode:  {
			Node: 2761805534608
			Matrix: *16 {
				a: 0.997468169876773,-0.0382930034133506,0.0599240850765826,0,0.0693447589568432,0.336933349757785,-0.938971363901059,0,0.0157656109268782,0.940749469152432,0.338735710844781,0,-1.49011611938477e-07,0.407674729824066,4.74974513175325e-08,1
			} 
		}
		PoseNode:  {
			Node: 2761805532608
			Matrix: *16 {
				a: 0.99914464873429,0.0407825331915005,0.00681162713889527,0,-0.0407491862657628,0.943309970988175,0.329401646664267,0,0.00700835904283906,-0.329397519712788,0.944165133481826,0,2.98023223876953e-08,0.391098618507385,1.49011611660921e-08,1
			} 
		}
		PoseNode:  {
			Node: 2761805526608
			Matrix: *16 {
				a: 0.987323348164044,-0.0342511620973814,0.154980987341299,0,-0.05147568923988,-0.992759609574176,0.108529309476337,0,0.150141743750261,-0.115131377283978,-0.981938721744036,0,-0.105214916169643,0.097550630569458,-0.00724117830395699,1
			} 
		}
		PoseNode:  {
			Node: 2761805506608
			Matrix: *16 {
				a: -0.999252974584316,-0.0382975603327647,-0.00514120891603252,0,-0.0309883540607897,0.873711859075517,-0.485455406392359,0,0.0230837011704747,-0.484933614689172,-0.87424626512486,0,1.49011612216032e-08,0.130335777997971,-7.45058059692383e-08,1
			} 
		}
		PoseNode:  {
			Node: 2761805516608
			Matrix: *16 {
				a: 0.998120294102923,0.0552140570959446,-0.0265948566249233,0,-0.0441843812429123,0.347603293772383,-0.936599878808947,0,-0.0424690194243844,0.936014423777765,0.349389500759931,0,1.49011612216032e-08,0.407674461603165,-3.94647940889226e-08,1
			} 
		}
		PoseNode:  {
			Node: 2761805504608
			Matrix: *16 {
				a: 0.999144327313801,-0.0408126714905708,-0.00670365888559693,0,0.0407804480891323,0.945099818005919,0.324226666748728,0,-0.00689693087901461,-0.324222671034576,0.945955650087072,0,-7.45058059414827e-08,0.391098469495773,1.6391277316008e-07,1
			} 
		}
		PoseNode:  {
			Node: 2761805524608
			Matrix: *16 {
				a: 0.984022114661753,0.048592547977166,-0.17128771280011,0,0.0682194109695276,-0.991518053280934,0.110626852090943,0,-0.164460140366627,-0.120545091196947,-0.978996131638632,0,0.105214796960354,0.0975458025932312,-0.00724531337618829,1
			} 
		}
		PoseNode:  {
			Node: 2762135005104
			Matrix: *16 {
				a: -0.232990826899385,0.0703894564788083,-0.969928264056653,0,-0.693662744049069,0.686998135416585,0.216484547837604,0,0.681577057302798,0.723241928770754,-0.111237706855265,0,-8.67361737988404e-19,0.00805620010942221,-0.0206966008991003,1
			} 
		}
		PoseNode:  {
			Node: 2762134997104
			Matrix: *16 {
				a: -0.232992014595565,-0.0703895444451904,0.969927972370161,0,0.693661858100815,0.686998944235832,0.216485370530137,0,-0.681577637112985,0.723241229714369,-0.111238699330438,0,-8.67361737988404e-19,0.00805620010942221,-0.0206966008991003,1
			} 
		}
		PoseNode:  {
			Node: 2762135021104
			Matrix: *16 {
				a: 0.559462221544684,0.44425075359665,-0.699744905637232,0,-0.306706295559267,0.89526390657721,0.323162166480583,0,0.770021623305514,0.0338191543449365,0.637121026854339,0,2.98023223987975e-07,0.242479652166367,1.78813934437194e-07,1
			} 
		}
		PoseNode:  {
			Node: 2762134999104
			Matrix: *16 {
				a: 0.986412422821996,-0.133654909444884,-0.0955329244600149,0,0.142467950136103,0.406338959328229,0.902547049016411,0,-0.0818111096283378,-0.903894162878318,0.419859413408879,0,-1.19209289661804e-07,0.197035908699036,8.94069671353304e-08,1
			} 
		}
		PoseNode:  {
			Node: 2762135023104
			Matrix: *16 {
				a: -0.621256351556876,0.0331386980886518,0.782906134036126,0,-0.77956045262011,-0.127545692696074,-0.613202737261835,0,0.0795355648043881,-0.99127875552424,0.105072190182388,0,0.00921785831451416,0.178763672709465,-0.0196845531463621,1
			} 
		}
		PoseNode:  {
			Node: 2762135003104
			Matrix: *16 {
				a: -0.0627960073395096,0.301708989659402,-0.951329778268776,0,-0.994240839035748,0.0640337291159182,0.085936452961445,0,0.0868449833667509,0.951247269679028,0.295950301220027,0,-0.0271403267979622,0.190253734588623,0.00413667038083076,1
			} 
		}
		PoseNode:  {
			Node: 2762135019104
			Matrix: *16 {
				a: 0.895889665150378,-0.0136266784295458,0.444067183975449,0,-0.0826817421762439,0.976953871501826,0.196786337097613,0,-0.436514698726686,-0.213015094062939,0.874116199294505,0,-2.98023224432065e-08,0.242479622364044,1.78813934548216e-07,1
			} 
		}
		PoseNode:  {
			Node: 2762134995104
			Matrix: *16 {
				a: 0.977462395482249,0.146260745060939,0.152232395515821,0,-0.155905255709568,0.0139174666362568,0.987673781031331,0,0.142339264709731,-0.989148164258988,0.0364066321563426,0,-5.96046448309018e-08,0.197035729885102,5.96046448864129e-08,1
			} 
		}
		PoseNode:  {
			Node: 2762135017104
			Matrix: *16 {
				a: -0.771335831176872,-0.518814150836815,-0.368609430745007,0,-0.0361424653539096,0.613958393520185,-0.788510276151439,0,0.635401143284205,-0.594883775666949,-0.492319330245647,0,-0.00921794772148132,0.178763568401337,-0.019684910774231,1
			} 
		}
		PoseNode:  {
			Node: 2762135025104
			Matrix: *16 {
				a: -0.0577574777611882,-0.30620433601745,0.950211882023658,0,0.997753557888769,-0.0500578770162916,0.0445161660645674,0,0.0339345525258867,0.950648597497992,0.308407737568521,0,0.0271404143422842,0.190253853797913,0.00413663685321808,1
			} 
		}
		PoseNode:  {
			Node: 2762135013104
			Matrix: *16 {
				a: 0.999995461532536,0.00299282223618331,0.00034630823509513,0,-0.00277033043030868,0.958601674027908,-0.284736366122001,0,-0.00118413719361203,0.284734165381462,0.958605785963985,0,4.4703483581543e-08,0.117625951766968,-2.98023223876953e-08,1
			} 
		}
		PoseNode:  {
			Node: 2762135015104
			Matrix: *16 {
				a: 0.999994823361164,-0.0029148229790801,-0.00136273910801229,0,0.00320640751371943,0.938085555182166,0.34638881348771,0,0.000268703751409915,-0.346391327915233,0.938089877418779,0,3.42261046171188e-08,0.184119939804077,-6.14672899315605e-08,1
			} 
		}
		PoseNode:  {
			Node: 2762135009104
			Matrix: *16 {
				a: 0.999999968660232,-3.27568803930978e-05,0.000248206611046861,0,8.54079068710842e-06,0.995289792688464,0.0969426163736722,0,-0.000250213044142283,-0.0969426112156324,0.995289761776083,0,1.76951289181278e-08,0.135405778884888,8.94069671630859e-08,1
			} 
		}
		PoseNode:  {
			Node: 2762135011104
			Matrix: *16 {
				a: 1,-1.22623265708111e-16,1.23165366794353e-16,0,1.46475713502792e-16,0.975782354386119,-0.218743678465648,0,-9.28077059647592e-17,0.218743678465648,0.975782354386119,0,-4.33680868994202e-19,0.126452401280403,0,1
			} 
		}
		PoseNode:  {
			Node: 2762135001104
			Matrix: *16 {
				a: 0.999971308334275,-9.80015165212575e-05,0.00757449034211556,0,-0.00103998073320002,0.988671871062607,0.15008828129405,0,-0.00750339665425012,-0.15009189706614,0.988643697138828,0,7.21774995283628e-09,0.156535923480988,3.72529029846191e-09,1
			} 
		}
		PoseNode:  {
			Node: 2762135007104
			Matrix: *16 {
				a: 0.999910538015051,0.0133341177861897,-0.00105700961015941,0,0.00024155116079861,0.0610097355536594,0.998137141789999,0,0.0133737660921921,-0.998048101781941,0.061001056629986,0,-0.00301359780132771,0.00675863772630692,0.766633450984955,1
			} 
		}
	}
	AnimationStack: 2762378983808, "AnimStack::block-bottom-left", "" {
	}
	AnimationCurve: 2762346124992, "AnimCurve::", "" {
		Default: 0
		KeyVer: 4009
		KeyTime: *2 {
			a: 0,7697693000
		} 
		KeyValueFloat: *2 {
			a: 0,0
		} 
		;KeyAttrFlags: Cubic|TangeantAuto|GenericTimeIndependent, Cubic|TangeantAuto|GenericTimeIndependent
		KeyAttrFlags: *2 {
			a: 8456,8456
		} 
		;KeyAttrDataFloat: RightAuto:0, NextLeftAuto:0; RightAuto:0, NextLeftAuto:0
		KeyAttrDataFloat: *8 {
			a: 0,0,218434821,0,0,0,218434821,0
		} 
		KeyAttrRefCount: *2 {
			a: 1,1
		} 
	}
	AnimationCurve: 2762346125152, "AnimCurve::", "" {
		Default: 0
		KeyVer: 4009
		KeyTime: *2 {
			a: 0,7697693000
		} 
		KeyValueFloat: *2 {
			a: 0,0
		} 
		;KeyAttrFlags: Cubic|TangeantAuto|GenericTimeIndependent, Cubic|TangeantAuto|GenericTimeIndependent
		KeyAttrFlags: *2 {
			a: 8456,8456
		} 
		;KeyAttrDataFloat: RightAuto:0, NextLeftAuto:0; RightAuto:0, NextLeftAuto:0
		KeyAttrDataFloat: *8 {
			a: 0,0,218434821,0,0,0,218434821,0
		} 
		KeyAttrRefCount: *2 {
			a: 1,1
		} 
	}
	AnimationCurve: 2762346123712, "AnimCurve::", "" {
		Default: 0
		KeyVer: 4009
		KeyTime: *2 {
			a: 0,7697693000
		} 
		KeyValueFloat: *2 {
			a: 0,0
		} 
		;KeyAttrFlags: Cubic|TangeantAuto|GenericTimeIndependent, Cubic|TangeantAuto|GenericTimeIndependent
		KeyAttrFlags: *2 {
			a: 8456,8456
		} 
		;KeyAttrDataFloat: RightAuto:0, NextLeftAuto:0; RightAuto:0, NextLeftAuto:0
		KeyAttrDataFloat: *8 {
			a: 0,0,218434821,0,0,0,218434821,0
		} 
		KeyAttrRefCount: *2 {
			a: 1,1
		} 
	}
	AnimationCurve: 2762346124672, "AnimCurve::", "" {
		Default: -89.9999847412109
		KeyVer: 4009
		KeyTime: *2 {
			a: 0,7697693000
		} 
		KeyValueFloat: *2 {
			a: -89.99998,-89.99998
		} 
		;KeyAttrFlags: Cubic|TangeantAuto|GenericTimeIndependent, Cubic|TangeantAuto|GenericTimeIndependent
		KeyAttrFlags: *2 {
			a: 8456,8456
		} 
		;KeyAttrDataFloat: RightAuto:0, NextLeftAuto:0; RightAuto:0, NextLeftAuto:0
		KeyAttrDataFloat: *8 {
			a: 0,0,218434821,0,0,0,218434821,0
		} 
		KeyAttrRefCount: *2 {
			a: 1,1
		} 
	}
	AnimationCurve: 2762346123872, "AnimCurve::", "" {
		Default: 89.9999847412109
		KeyVer: 4009
		KeyTime: *2 {
			a: 0,7697693000
		} 
		KeyValueFloat: *2 {
			a: 89.99998,89.99998
		} 
		;KeyAttrFlags: Cubic|TangeantAuto|GenericTimeIndependent, Cubic|TangeantAuto|GenericTimeIndependent
		KeyAttrFlags: *2 {
			a: 8456,8456
		} 
		;KeyAttrDataFloat: RightAuto:0, NextLeftAuto:0; RightAuto:0, NextLeftAuto:0
		KeyAttrDataFloat: *8 {
			a: 0,0,218434821,0,0,0,218434821,0
		} 
		KeyAttrRefCount: *2 {
			a: 1,1
		} 
	}
	AnimationCurve: 2762346125792, "AnimCurve::", "" {
		Default: 0
		KeyVer: 4009
		KeyTime: *2 {
			a: 0,7697693000
		} 
		KeyValueFloat: *2 {
			a: 0,0
		} 
		;KeyAttrFlags: Cubic|TangeantAuto|GenericTimeIndependent, Cubic|TangeantAuto|GenericTimeIndependent
		KeyAttrFlags: *2 {
			a: 8456,8456
		} 
		;KeyAttrDataFloat: RightAuto:0, NextLeftAuto:0; RightAuto:0, NextLeftAuto:0
		KeyAttrDataFloat: *8 {
			a: 0,0,218434821,0,0,0,218434821,0
		} 
		KeyAttrRefCount: *2 {
			a: 1,1
		} 
	}
	AnimationCurve: 2762346126112, "AnimCurve::", "" {
		Default: 100
		KeyVer: 4009
		KeyTime: *2 {
			a: 0,7697693000
		} 
		KeyValueFloat: *2 {
			a: 100,100
		} 
		;KeyAttrFlags: Cubic|TangeantAuto|GenericTimeIndependent, Cubic|TangeantAuto|GenericTimeIndependent
		KeyAttrFlags: *2 {
			a: 8456,8456
		} 
		;KeyAttrDataFloat: RightAuto:0, NextLeftAuto:0; RightAuto:0, NextLeftAuto:0
		KeyAttrDataFloat: *8 {
			a: 0,0,218434821,0,0,0,218434821,0
		} 
		KeyAttrRefCount: *2 {
			a: 1,1
		} 
	}
	AnimationCurve: 2762346118752, "AnimCurve::", "" {
		Default: 100
		KeyVer: 4009
		KeyTime: *2 {
			a: 0,7697693000
		} 
		KeyValueFloat: *2 {
			a: 100,100
		} 
		;KeyAttrFlags: Cubic|TangeantAuto|GenericTimeIndependent, Cubic|TangeantAuto|GenericTimeIndependent
		KeyAttrFlags: *2 {
			a: 8456,8456
		} 
		;KeyAttrDataFloat: RightAuto:0, NextLeftAuto:0; RightAuto:0, NextLeftAuto:0
		KeyAttrDataFloat: *8 {
			a: 0,0,218434821,0,0,0,218434821,0
		} 
		KeyAttrRefCount: *2 {
			a: 1,1
		} 
	}
	AnimationCurve: 2762346124032, "AnimCurve::", "" {
		Default: 100
		KeyVer: 4009
		KeyTime: *2 {
			a: 0,7697693000
		} 
		KeyValueFloat: *2 {
			a: 100,100
		} 
		;KeyAttrFlags: Cubic|TangeantAuto|GenericTimeIndependent, Cubic|TangeantAuto|GenericTimeIndependent
		KeyAttrFlags: *2 {
			a: 8456,8456
		} 
		;KeyAttrDataFloat: RightAuto:0, NextLeftAuto:0; RightAuto:0, NextLeftAuto:0
		KeyAttrDataFloat: *8 {
			a: 0,0,218434821,0,0,0,218434821,0
		} 
		KeyAttrRefCount: *2 {
			a: 1,1
		} 
	}
	AnimationCurve: 2762346120352, "AnimCurve::", "" {
		Default: -0.00301359780132771
		KeyVer: 4009
		KeyTime: *2 {
			a: 0,7697693000
		} 
		KeyValueFloat: *2 {
			a: -0.003013598,-0.003013598
		} 
		;KeyAttrFlags: Cubic|TangeantAuto|GenericTimeIndependent, Cubic|TangeantAuto|GenericTimeIndependent
		KeyAttrFlags: *2 {
			a: 8456,8456
		} 
		;KeyAttrDataFloat: RightAuto:0, NextLeftAuto:0; RightAuto:0, NextLeftAuto:0
		KeyAttrDataFloat: *8 {
			a: 0,0,218434821,0,0,0,218434821,0
		} 
		KeyAttrRefCount: *2 {
			a: 1,1
		} 
	}
