; FBX 7.7.0 project file
; ----------------------------------------------------

FBXHeaderExtension:  {
	FBXHeaderVersion: 1004
	FBXVersion: 7700
	CreationTimeStamp:  {
		Version: 1000
		Year: 2023
		Month: 3
		Day: 22
		Hour: 13
		Minute: 34
		Second: 16
		Millisecond: 195
	}
	Creator: "FBX SDK/FBX Plugins version 2020.2"
	OtherFlags:  {
		TCDefinition: 127
	}
	SceneInfo: "SceneInfo::GlobalInfo", "UserData" {
		Type: "UserData"
		Version: 100
		MetaData:  {
			Version: 100
			Title: ""
			Subject: ""
			Author: ""
			Keywords: ""
			Revision: ""
			Comment: ""
		}
		Properties70:  {
			P: "DocumentUrl", "KString", "Url", "", "C:\Users\patri\Documents\work-folder\game-dev\Unity\uppercut-city\Assets\Characters\Common\BoxerAnimations\cross-low-followthrough.fbx"
			P: "SrcDocumentUrl", "KString", "Url", "", "C:\Users\patri\Documents\work-folder\game-dev\Unity\uppercut-city\Assets\Characters\Common\BoxerAnimations\cross-low-followthrough.fbx"
			P: "Original", "Compound", "", ""
			P: "Original|ApplicationVendor", "KString", "", "", ""
			P: "Original|ApplicationName", "KString", "", "", ""
			P: "Original|ApplicationVersion", "KString", "", "", ""
			P: "Original|DateTime_GMT", "DateTime", "", "", ""
			P: "Original|FileName", "KString", "", "", ""
			P: "LastSaved", "Compound", "", ""
			P: "LastSaved|ApplicationVendor", "KString", "", "", ""
			P: "LastSaved|ApplicationName", "KString", "", "", ""
			P: "LastSaved|ApplicationVersion", "KString", "", "", ""
			P: "LastSaved|DateTime_GMT", "DateTime", "", "", ""
		}
	}
}
GlobalSettings:  {
	Version: 1000
	Properties70:  {
		P: "UpAxis", "int", "Integer", "",1
		P: "UpAxisSign", "int", "Integer", "",1
		P: "FrontAxis", "int", "Integer", "",2
		P: "FrontAxisSign", "int", "Integer", "",1
		P: "CoordAxis", "int", "Integer", "",0
		P: "CoordAxisSign", "int", "Integer", "",1
		P: "OriginalUpAxis", "int", "Integer", "",-1
		P: "OriginalUpAxisSign", "int", "Integer", "",1
		P: "UnitScaleFactor", "double", "Number", "",1
		P: "OriginalUnitScaleFactor", "double", "Number", "",1
		P: "AmbientColor", "ColorRGB", "Color", "",0,0,0
		P: "DefaultCamera", "KString", "", "", "Producer Perspective"
		P: "TimeMode", "enum", "", "",6
		P: "TimeProtocol", "enum", "", "",2
		P: "SnapOnFrameMode", "enum", "", "",0
		P: "TimeSpanStart", "KTime", "Time", "",0
		P: "TimeSpanStop", "KTime", "Time", "",46186158000
		P: "CustomFrameRate", "double", "Number", "",-1
		P: "TimeMarker", "Compound", "", ""
		P: "CurrentTimeMarker", "int", "Integer", "",-1
	}
}

; Documents Description
;------------------------------------------------------------------

Documents:  {
	Count: 1
	Document: 3079839450848, "myScene", "Scene" {
		Properties70:  {
			P: "SourceObject", "object", "", ""
			P: "ActiveAnimStackName", "KString", "", "", ""
		}
		RootNode: 0
	}
}

; Document References
;------------------------------------------------------------------

References:  {
}

; Object definitions
;------------------------------------------------------------------

Definitions:  {
	Version: 100
	Count: 354
	ObjectType: "GlobalSettings" {
		Count: 1
	}
	ObjectType: "NodeAttribute" {
		Count: 25
		PropertyTemplate: "FbxNull" {
			Properties70:  {
				P: "Color", "ColorRGB", "Color", "",0.8,0.8,0.8
				P: "Size", "double", "Number", "",100
				P: "Look", "enum", "", "",1
			}
		}
	}
	ObjectType: "Model" {
		Count: 25
		PropertyTemplate: "FbxNode" {
			Properties70:  {
				P: "QuaternionInterpolate", "enum", "", "",0
				P: "RotationOffset", "Vector3D", "Vector", "",0,0,0
				P: "RotationPivot", "Vector3D", "Vector", "",0,0,0
				P: "ScalingOffset", "Vector3D", "Vector", "",0,0,0
				P: "ScalingPivot", "Vector3D", "Vector", "",0,0,0
				P: "TranslationActive", "bool", "", "",0
				P: "TranslationMin", "Vector3D", "Vector", "",0,0,0
				P: "TranslationMax", "Vector3D", "Vector", "",0,0,0
				P: "TranslationMinX", "bool", "", "",0
				P: "TranslationMinY", "bool", "", "",0
				P: "TranslationMinZ", "bool", "", "",0
				P: "TranslationMaxX", "bool", "", "",0
				P: "TranslationMaxY", "bool", "", "",0
				P: "TranslationMaxZ", "bool", "", "",0
				P: "RotationOrder", "enum", "", "",0
				P: "RotationSpaceForLimitOnly", "bool", "", "",0
				P: "RotationStiffnessX", "double", "Number", "",0
				P: "RotationStiffnessY", "double", "Number", "",0
				P: "RotationStiffnessZ", "double", "Number", "",0
				P: "AxisLen", "double", "Number", "",10
				P: "PreRotation", "Vector3D", "Vector", "",0,0,0
				P: "PostRotation", "Vector3D", "Vector", "",0,0,0
				P: "RotationActive", "bool", "", "",0
				P: "RotationMin", "Vector3D", "Vector", "",0,0,0
				P: "RotationMax", "Vector3D", "Vector", "",0,0,0
				P: "RotationMinX", "bool", "", "",0
				P: "RotationMinY", "bool", "", "",0
				P: "RotationMinZ", "bool", "", "",0
				P: "RotationMaxX", "bool", "", "",0
				P: "RotationMaxY", "bool", "", "",0
				P: "RotationMaxZ", "bool", "", "",0
				P: "InheritType", "enum", "", "",0
				P: "ScalingActive", "bool", "", "",0
				P: "ScalingMin", "Vector3D", "Vector", "",0,0,0
				P: "ScalingMax", "Vector3D", "Vector", "",1,1,1
				P: "ScalingMinX", "bool", "", "",0
				P: "ScalingMinY", "bool", "", "",0
				P: "ScalingMinZ", "bool", "", "",0
				P: "ScalingMaxX", "bool", "", "",0
				P: "ScalingMaxY", "bool", "", "",0
				P: "ScalingMaxZ", "bool", "", "",0
				P: "GeometricTranslation", "Vector3D", "Vector", "",0,0,0
				P: "GeometricRotation", "Vector3D", "Vector", "",0,0,0
				P: "GeometricScaling", "Vector3D", "Vector", "",1,1,1
				P: "MinDampRangeX", "double", "Number", "",0
				P: "MinDampRangeY", "double", "Number", "",0
				P: "MinDampRangeZ", "double", "Number", "",0
				P: "MaxDampRangeX", "double", "Number", "",0
				P: "MaxDampRangeY", "double", "Number", "",0
				P: "MaxDampRangeZ", "double", "Number", "",0
				P: "MinDampStrengthX", "double", "Number", "",0
				P: "MinDampStrengthY", "double", "Number", "",0
				P: "MinDampStrengthZ", "double", "Number", "",0
				P: "MaxDampStrengthX", "double", "Number", "",0
				P: "MaxDampStrengthY", "double", "Number", "",0
				P: "MaxDampStrengthZ", "double", "Number", "",0
				P: "PreferedAngleX", "double", "Number", "",0
				P: "PreferedAngleY", "double", "Number", "",0
				P: "PreferedAngleZ", "double", "Number", "",0
				P: "LookAtProperty", "object", "", ""
				P: "UpVectorProperty", "object", "", ""
				P: "Show", "bool", "", "",1
				P: "NegativePercentShapeSupport", "bool", "", "",1
				P: "DefaultAttributeIndex", "int", "Integer", "",-1
				P: "Freeze", "bool", "", "",0
				P: "LODBox", "bool", "", "",0
				P: "Lcl Translation", "Lcl Translation", "", "A",0,0,0
				P: "Lcl Rotation", "Lcl Rotation", "", "A",0,0,0
				P: "Lcl Scaling", "Lcl Scaling", "", "A",1,1,1
				P: "Visibility", "Visibility", "", "A",1
				P: "Visibility Inheritance", "Visibility Inheritance", "", "",1
			}
		}
	}
	ObjectType: "Pose" {
		Count: 1
	}
	ObjectType: "AnimationStack" {
		Count: 1
		PropertyTemplate: "FbxAnimStack" {
			Properties70:  {
				P: "Description", "KString", "", "", ""
				P: "LocalStart", "KTime", "Time", "",0
				P: "LocalStop", "KTime", "Time", "",0
				P: "ReferenceStart", "KTime", "Time", "",0
				P: "ReferenceStop", "KTime", "Time", "",0
			}
		}
	}
	ObjectType: "AnimationLayer" {
		Count: 1
		PropertyTemplate: "FbxAnimLayer" {
			Properties70:  {
				P: "Weight", "Number", "", "A",100
				P: "Mute", "bool", "", "",0
				P: "Solo", "bool", "", "",0
				P: "Lock", "bool", "", "",0
				P: "Color", "ColorRGB", "Color", "",0.8,0.8,0.8
				P: "BlendMode", "enum", "", "",0
				P: "RotationAccumulationMode", "enum", "", "",0
				P: "ScaleAccumulationMode", "enum", "", "",0
				P: "BlendModeBypass", "ULongLong", "", "",0
			}
		}
	}
	ObjectType: "AnimationCurveNode" {
		Count: 75
		PropertyTemplate: "FbxAnimCurveNode" {
			Properties70:  {
				P: "d", "Compound", "", ""
			}
		}
	}
	ObjectType: "AnimationCurve" {
		Count: 225
	}
}

; Object properties
;------------------------------------------------------------------

Objects:  {
	NodeAttribute: 3078555349584, "NodeAttribute::", "Null" {
		TypeFlags: "Null"
	}
	NodeAttribute: 3080604459440, "NodeAttribute::spine", "LimbNode" {
		Properties70:  {
			P: "Size", "double", "Number", "",3.28587698936462
		}
		TypeFlags: "Skeleton"
	}
	NodeAttribute: 3080604460592, "NodeAttribute::spine.001", "LimbNode" {
		Properties70:  {
			P: "Size", "double", "Number", "",2.95710468292236
		}
		TypeFlags: "Skeleton"
	}
	NodeAttribute: 3080604464816, "NodeAttribute::spine.002", "LimbNode" {
		Properties70:  {
			P: "Size", "double", "Number", "",2.50252175331116
		}
		TypeFlags: "Skeleton"
	}
	NodeAttribute: 3080604460016, "NodeAttribute::spine.003", "LimbNode" {
		Properties70:  {
			P: "Size", "double", "Number", "",3.05492115020752
		}
		TypeFlags: "Skeleton"
	}
	NodeAttribute: 3080604466352, "NodeAttribute::spine.004", "LimbNode" {
		Properties70:  {
			P: "Size", "double", "Number", "",5.68054151535034
		}
		TypeFlags: "Skeleton"
	}
	NodeAttribute: 3080604462704, "NodeAttribute::spine.005", "LimbNode" {
		Properties70:  {
			P: "Size", "double", "Number", "",6.89283752441406
		}
		TypeFlags: "Skeleton"
	}
	NodeAttribute: 3080604464048, "NodeAttribute::shoulder.L", "LimbNode" {
		Properties70:  {
			P: "Size", "double", "Number", "",3.00270175933838
		}
		TypeFlags: "Skeleton"
	}
	NodeAttribute: 3080604459632, "NodeAttribute::upper_arm.L", "LimbNode" {
		Properties70:  {
			P: "Size", "double", "Number", "",2.34677624702454
		}
		TypeFlags: "Skeleton"
	}
	NodeAttribute: 3080604457136, "NodeAttribute::forearm.L", "LimbNode" {
		Properties70:  {
			P: "Size", "double", "Number", "",3.18843913078308
		}
		TypeFlags: "Skeleton"
	}
	NodeAttribute: 3080604460208, "NodeAttribute::hand.L", "LimbNode" {
		Properties70:  {
			P: "Size", "double", "Number", "",5.47286701202393
		}
		TypeFlags: "Skeleton"
	}
	NodeAttribute: 3080604456368, "NodeAttribute::shoulder.R", "LimbNode" {
		Properties70:  {
			P: "Size", "double", "Number", "",3.00359797477722
		}
		TypeFlags: "Skeleton"
	}
	NodeAttribute: 3080604467120, "NodeAttribute::upper_arm.R", "LimbNode" {
		Properties70:  {
			P: "Size", "double", "Number", "",2.34828996658325
		}
		TypeFlags: "Skeleton"
	}
	NodeAttribute: 3080604464240, "NodeAttribute::forearm.R", "LimbNode" {
		Properties70:  {
			P: "Size", "double", "Number", "",3.13255071640015
		}
		TypeFlags: "Skeleton"
	}
	NodeAttribute: 3080604463088, "NodeAttribute::hand.R", "LimbNode" {
		Properties70:  {
			P: "Size", "double", "Number", "",5.54159164428711
		}
		TypeFlags: "Skeleton"
	}
	NodeAttribute: 3080604457328, "NodeAttribute::pelvis.L", "LimbNode" {
		Properties70:  {
			P: "Size", "double", "Number", "",3.16468071937561
		}
		TypeFlags: "Skeleton"
	}
	NodeAttribute: 3080604462128, "NodeAttribute::pelvis.R", "LimbNode" {
		Properties70:  {
			P: "Size", "double", "Number", "",3.1727466583252
		}
		TypeFlags: "Skeleton"
	}
	NodeAttribute: 3080604460400, "NodeAttribute::thigh.L", "LimbNode" {
		Properties70:  {
			P: "Size", "double", "Number", "",2.33007216453552
		}
		TypeFlags: "Skeleton"
	}
	NodeAttribute: 3080604465392, "NodeAttribute::shin.L", "LimbNode" {
		Properties70:  {
			P: "Size", "double", "Number", "",2.86792755126953
		}
		TypeFlags: "Skeleton"
	}
	NodeAttribute: 3080604463280, "NodeAttribute::foot.L", "LimbNode" {
		Properties70:  {
			P: "Size", "double", "Number", "",3.22272825241089
		}
		TypeFlags: "Skeleton"
	}
	NodeAttribute: 3080604458864, "NodeAttribute::toe.L", "LimbNode" {
		Properties70:  {
			P: "Size", "double", "Number", "",2.65555262565613
		}
		TypeFlags: "Skeleton"
	}
	NodeAttribute: 3080604460784, "NodeAttribute::thigh.R", "LimbNode" {
		Properties70:  {
			P: "Size", "double", "Number", "",2.33012890815735
		}
		TypeFlags: "Skeleton"
	}
	NodeAttribute: 3080604467312, "NodeAttribute::shin.R", "LimbNode" {
		Properties70:  {
			P: "Size", "double", "Number", "",2.86725783348083
		}
		TypeFlags: "Skeleton"
	}
	NodeAttribute: 3080604463472, "NodeAttribute::foot.R", "LimbNode" {
		Properties70:  {
			P: "Size", "double", "Number", "",3.22272825241089
		}
		TypeFlags: "Skeleton"
	}
	NodeAttribute: 3080604457712, "NodeAttribute::toe.R", "LimbNode" {
		Properties70:  {
			P: "Size", "double", "Number", "",2.65555262565613
		}
		TypeFlags: "Skeleton"
	}
	Model: 3080206415552, "Model::metarig", "Null" {
		Version: 232
		Properties70:  {
			P: "PreRotation", "Vector3D", "Vector", "",-0,-90,0
			P: "RotationActive", "bool", "", "",1
			P: "InheritType", "enum", "", "",1
			P: "ScalingMax", "Vector3D", "Vector", "",0,0,0
			P: "DefaultAttributeIndex", "int", "Integer", "",0
			P: "Lcl Rotation", "Lcl Rotation", "", "A+",-89.9999923706055,89.9999847412109,0
			P: "Lcl Scaling", "Lcl Scaling", "", "A+",100,100,100
		}
		Shading: Y
		Culling: "CullingOff"
	}
	Model: 3077454713248, "Model::spine", "LimbNode" {
		Version: 232
		Properties70:  {
			P: "RotationActive", "bool", "", "",1
			P: "InheritType", "enum", "", "",1
			P: "ScalingMax", "Vector3D", "Vector", "",0,0,0
			P: "DefaultAttributeIndex", "int", "Integer", "",0
			P: "Lcl Translation", "Lcl Translation", "", "A+",0.0228396020829678,0.0688132271170616,0.644987940788269
			P: "Lcl Rotation", "Lcl Rotation", "", "A+",133.488388061523,-17.1337051391602,24.1810188293457
		}
		Shading: Y
		Culling: "CullingOff"
	}
	Model: 3078051778608, "Model::spine.001", "LimbNode" {
		Version: 232
		Properties70:  {
			P: "RotationActive", "bool", "", "",1
			P: "InheritType", "enum", "", "",1
			P: "ScalingMax", "Vector3D", "Vector", "",0,0,0
			P: "DefaultAttributeIndex", "int", "Integer", "",0
			P: "Lcl Translation", "Lcl Translation", "", "A+",-1.49011611938477e-08,0.156536370515823,5.96046447753906e-08
			P: "Lcl Rotation", "Lcl Rotation", "", "A+",17.2075996398926,-2.14214062690735,9.42514991760254
			P: "Lcl Scaling", "Lcl Scaling", "", "A+",1,0.999999821186066,1.00000011920929
		}
		Shading: Y
		Culling: "CullingOff"
	}
	Model: 3079518611648, "Model::spine.002", "LimbNode" {
		Version: 232
		Properties70:  {
			P: "RotationActive", "bool", "", "",1
			P: "InheritType", "enum", "", "",1
			P: "ScalingMax", "Vector3D", "Vector", "",0,0,0
			P: "DefaultAttributeIndex", "int", "Integer", "",0
			P: "Lcl Translation", "Lcl Translation", "", "A+",0,0.126452401280403,0
			P: "Lcl Rotation", "Lcl Rotation", "", "A+",-12.63525390625,-7.01670912670559e-15,-7.01670912670559e-15
		}
		Shading: Y
		Culling: "CullingOff"
	}
	Model: 3079518635648, "Model::spine.003", "LimbNode" {
		Version: 232
		Properties70:  {
			P: "RotationActive", "bool", "", "",1
			P: "InheritType", "enum", "", "",1
			P: "ScalingMax", "Vector3D", "Vector", "",0,0,0
			P: "DefaultAttributeIndex", "int", "Integer", "",0
			P: "Lcl Translation", "Lcl Translation", "", "A+",-2.98023223876953e-08,0.135405242443085,-2.98023223876953e-08
			P: "Lcl Rotation", "Lcl Rotation", "", "A+",13.2402496337891,-1.23803901672363,4.39870071411133
			P: "Lcl Scaling", "Lcl Scaling", "", "A+",1,0.999999821186066,0.999999821186066
		}
		Shading: Y
		Culling: "CullingOff"
	}
	Model: 3079518621648, "Model::spine.004", "LimbNode" {
		Version: 232
		Properties70:  {
			P: "RotationActive", "bool", "", "",1
			P: "InheritType", "enum", "", "",1
			P: "ScalingMax", "Vector3D", "Vector", "",0,0,0
			P: "DefaultAttributeIndex", "int", "Integer", "",0
			P: "Lcl Translation", "Lcl Translation", "", "A+",1.49011611938477e-07,0.184119939804077,-1.19209289550781e-07
			P: "Lcl Rotation", "Lcl Rotation", "", "A+",10.1557464599609,-6.73300170898438,-3.05386352539062
			P: "Lcl Scaling", "Lcl Scaling", "", "A+",1,1,0.999999821186066
		}
		Shading: Y
		Culling: "CullingOff"
	}
	Model: 3079518639648, "Model::spine.005", "LimbNode" {
		Version: 232
		Properties70:  {
			P: "RotationActive", "bool", "", "",1
			P: "InheritType", "enum", "", "",1
			P: "ScalingMax", "Vector3D", "Vector", "",0,0,0
			P: "DefaultAttributeIndex", "int", "Integer", "",0
			P: "Lcl Translation", "Lcl Translation", "", "A+",-8.94069671630859e-08,0.117625653743744,-5.96046447753906e-08
			P: "Lcl Rotation", "Lcl Rotation", "", "A+",-45.446475982666,-16.4035816192627,8.72147083282471
			P: "Lcl Scaling", "Lcl Scaling", "", "A+",1,0.999999821186066,1
		}
		Shading: Y
		Culling: "CullingOff"
	}
	Model: 3079518609648, "Model::shoulder.L", "LimbNode" {
		Version: 232
		Properties70:  {
			P: "RotationActive", "bool", "", "",1
			P: "InheritType", "enum", "", "",1
			P: "ScalingMax", "Vector3D", "Vector", "",0,0,0
			P: "DefaultAttributeIndex", "int", "Integer", "",0
			P: "Lcl Translation", "Lcl Translation", "", "A+",0.0271404683589935,0.190253615379333,0.00413650274276733
			P: "Lcl Rotation", "Lcl Rotation", "", "A+",51.1830444335938,-79.1720352172852,-141.401885986328
			P: "Lcl Scaling", "Lcl Scaling", "", "A+",0.999999821186066,0.999999821186066,0.999999821186066
		}
		Shading: Y
		Culling: "CullingOff"
	}
	Model: 3079518629648, "Model::upper_arm.L", "LimbNode" {
		Version: 232
		Properties70:  {
			P: "RotationActive", "bool", "", "",1
			P: "InheritType", "enum", "", "",1
			P: "ScalingMax", "Vector3D", "Vector", "",0,0,0
			P: "DefaultAttributeIndex", "int", "Integer", "",0
			P: "Lcl Translation", "Lcl Translation", "", "A+",-0.00921797752380371,0.178763538599014,-0.0196847319602966
			P: "Lcl Rotation", "Lcl Rotation", "", "A+",-33.9609985351562,26.4061889648438,-87.3183517456055
			P: "Lcl Scaling", "Lcl Scaling", "", "A+",1,0.999999821186066,0.999999821186066
		}
		Shading: Y
		Culling: "CullingOff"
	}
	Model: 3079518637648, "Model::forearm.L", "LimbNode" {
		Version: 232
		Properties70:  {
			P: "RotationActive", "bool", "", "",1
			P: "InheritType", "enum", "", "",1
			P: "ScalingMax", "Vector3D", "Vector", "",0,0,0
			P: "DefaultAttributeIndex", "int", "Integer", "",0
			P: "Lcl Translation", "Lcl Translation", "", "A+",-5.96046447753906e-08,0.197035849094391,1.564621925354e-07
			P: "Lcl Rotation", "Lcl Rotation", "", "A+",117.690933227539,-12.9778022766113,7.53462266921997
			P: "Lcl Scaling", "Lcl Scaling", "", "A+",0.999999821186066,0.999999821186066,1
		}
		Shading: Y
		Culling: "CullingOff"
	}
	Model: 3079518617648, "Model::hand.L", "LimbNode" {
		Version: 232
		Properties70:  {
			P: "RotationActive", "bool", "", "",1
			P: "InheritType", "enum", "", "",1
			P: "ScalingMax", "Vector3D", "Vector", "",0,0,0
			P: "DefaultAttributeIndex", "int", "Integer", "",0
			P: "Lcl Translation", "Lcl Translation", "", "A+",-5.96046447753906e-08,0.242479622364044,2.38418579101562e-07
			P: "Lcl Rotation", "Lcl Rotation", "", "A+",30.9153289794922,-33.1043395996094,-27.2262268066406
			P: "Lcl Scaling", "Lcl Scaling", "", "A+",0.999999821186066,1,0.999999821186066
		}
		Shading: Y
		Culling: "CullingOff"
	}
	Model: 3079518619648, "Model::shoulder.R", "LimbNode" {
		Version: 232
		Properties70:  {
			P: "RotationActive", "bool", "", "",1
			P: "InheritType", "enum", "", "",1
			P: "ScalingMax", "Vector3D", "Vector", "",0,0,0
			P: "DefaultAttributeIndex", "int", "Integer", "",0
			P: "Lcl Translation", "Lcl Translation", "", "A+",-0.0271402895450592,0.190253734588623,0.00413650274276733
			P: "Lcl Rotation", "Lcl Rotation", "", "A+",31.9546718597412,78.6867904663086,115.779602050781
			P: "Lcl Scaling", "Lcl Scaling", "", "A+",1,1.00000011920929,1
		}
		Shading: Y
		Culling: "CullingOff"
	}
	Model: 3079518627648, "Model::upper_arm.R", "LimbNode" {
		Version: 232
		Properties70:  {
			P: "RotationActive", "bool", "", "",1
			P: "InheritType", "enum", "", "",1
			P: "ScalingMax", "Vector3D", "Vector", "",0,0,0
			P: "DefaultAttributeIndex", "int", "Integer", "",0
			P: "Lcl Translation", "Lcl Translation", "", "A+",0.00921779870986938,0.178763508796692,-0.0196846723556519
			P: "Lcl Rotation", "Lcl Rotation", "", "A+",-21.3766899108887,-28.7143859863281,49.6409072875977
			P: "Lcl Scaling", "Lcl Scaling", "", "A+",0.999999821186066,1,0.999999821186066
		}
		Shading: Y
		Culling: "CullingOff"
	}
	Model: 3079518641648, "Model::forearm.R", "LimbNode" {
		Version: 232
		Properties70:  {
			P: "RotationActive", "bool", "", "",1
			P: "InheritType", "enum", "", "",1
			P: "ScalingMax", "Vector3D", "Vector", "",0,0,0
			P: "DefaultAttributeIndex", "int", "Integer", "",0
			P: "Lcl Translation", "Lcl Translation", "", "A+",-5.96046447753906e-08,0.197035670280457,5.96046447753906e-08
			P: "Lcl Rotation", "Lcl Rotation", "", "A+",105.549072265625,11.3312530517578,-8.20222473144531
			P: "Lcl Scaling", "Lcl Scaling", "", "A+",0.999999821186066,0.999999821186066,0.999999821186066
		}
		Shading: Y
		Culling: "CullingOff"
	}
	Model: 3079518625648, "Model::hand.R", "LimbNode" {
		Version: 232
		Properties70:  {
			P: "RotationActive", "bool", "", "",1
			P: "InheritType", "enum", "", "",1
			P: "ScalingMax", "Vector3D", "Vector", "",0,0,0
			P: "DefaultAttributeIndex", "int", "Integer", "",0
			P: "Lcl Translation", "Lcl Translation", "", "A+",2.98023223876953e-07,0.242479711771011,2.08616256713867e-07
			P: "Lcl Rotation", "Lcl Rotation", "", "A+",15.3678436279297,25.8995361328125,-5.60086059570312
			P: "Lcl Scaling", "Lcl Scaling", "", "A+",0.999999821186066,1,1.00000011920929
		}
		Shading: Y
		Culling: "CullingOff"
	}
	Model: 3079518623648, "Model::pelvis.L", "LimbNode" {
		Version: 232
		Properties70:  {
			P: "RotationActive", "bool", "", "",1
			P: "InheritType", "enum", "", "",1
			P: "ScalingMax", "Vector3D", "Vector", "",0,0,0
			P: "DefaultAttributeIndex", "int", "Integer", "",0
			P: "Lcl Translation", "Lcl Translation", "", "A+",0,0.00805620010942221,-0.0206966008991003
			P: "Lcl Rotation", "Lcl Rotation", "", "A+",117.19588470459,-75.9131393432617,-163.189834594727
			P: "Lcl Scaling", "Lcl Scaling", "", "A+",1.00000011920929,1.00000011920929,1
		}
		Shading: Y
		Culling: "CullingOff"
	}
	Model: 3079518643648, "Model::pelvis.R", "LimbNode" {
		Version: 232
		Properties70:  {
			P: "RotationActive", "bool", "", "",1
			P: "InheritType", "enum", "", "",1
			P: "ScalingMax", "Vector3D", "Vector", "",0,0,0
			P: "DefaultAttributeIndex", "int", "Integer", "",0
			P: "Lcl Translation", "Lcl Translation", "", "A+",0,0.00805620010942221,-0.0206966008991003
			P: "Lcl Rotation", "Lcl Rotation", "", "A+",117.195762634277,75.9132080078125,163.18977355957
			P: "Lcl Scaling", "Lcl Scaling", "", "A+",1.00000011920929,1,1
		}
		Shading: Y
		Culling: "CullingOff"
	}
	Model: 3079518615648, "Model::thigh.L", "LimbNode" {
		Version: 232
		Properties70:  {
			P: "RotationActive", "bool", "", "",1
			P: "InheritType", "enum", "", "",1
			P: "ScalingMax", "Vector3D", "Vector", "",0,0,0
			P: "DefaultAttributeIndex", "int", "Integer", "",0
			P: "Lcl Translation", "Lcl Translation", "", "A+",0.105214655399323,0.0975489318370819,-0.00724318623542786
			P: "Lcl Rotation", "Lcl Rotation", "", "A+",127.589599609375,5.44541931152344,-9.39967346191406
			P: "Lcl Scaling", "Lcl Scaling", "", "A+",1.00000011920929,1.00000011920929,1.00000584125519
		}
		Shading: Y
		Culling: "CullingOff"
	}
	Model: 3079518613648, "Model::shin.L", "LimbNode" {
		Version: 232
		Properties70:  {
			P: "RotationActive", "bool", "", "",1
			P: "InheritType", "enum", "", "",1
			P: "ScalingMax", "Vector3D", "Vector", "",0,0,0
			P: "DefaultAttributeIndex", "int", "Integer", "",0
			P: "Lcl Translation", "Lcl Translation", "", "A+",0,0.39109855890274,5.96046447753906e-08
			P: "Lcl Rotation", "Lcl Rotation", "", "A+",54.3007354736328,0.97967529296875,-1.95452880859375
			P: "Lcl Scaling", "Lcl Scaling", "", "A+",1,0.999999821186066,1
		}
		Shading: Y
		Culling: "CullingOff"
	}
	Model: 3079518645648, "Model::foot.L", "LimbNode" {
		Version: 232
		Properties70:  {
			P: "RotationActive", "bool", "", "",1
			P: "InheritType", "enum", "", "",1
			P: "ScalingMax", "Vector3D", "Vector", "",0,0,0
			P: "DefaultAttributeIndex", "int", "Integer", "",0
			P: "Lcl Translation", "Lcl Translation", "", "A+",2.98023223876953e-08,0.407673001289368,-4.76837158203125e-07
			P: "Lcl Rotation", "Lcl Rotation", "", "A+",-101.988082885742,27.1365051269531,-7.44352722167969
			P: "Lcl Scaling", "Lcl Scaling", "", "A+",1,0.999999821186066,0.999999821186066
		}
		Shading: Y
		Culling: "CullingOff"
	}
	Model: 3079518653648, "Model::toe.L", "LimbNode" {
		Version: 232
		Properties70:  {
			P: "RotationActive", "bool", "", "",1
			P: "InheritType", "enum", "", "",1
			P: "ScalingMax", "Vector3D", "Vector", "",0,0,0
			P: "DefaultAttributeIndex", "int", "Integer", "",0
			P: "Lcl Translation", "Lcl Translation", "", "A+",-2.08616256713867e-07,0.130336001515388,-1.34110450744629e-07
			P: "Lcl Rotation", "Lcl Rotation", "", "A+",-141.940521240234,-0.03717041015625,-177.988845825195
			P: "Lcl Scaling", "Lcl Scaling", "", "A+",0.999999821186066,0.999999821186066,1
		}
		Shading: Y
		Culling: "CullingOff"
	}
	Model: 3079518651648, "Model::thigh.R", "LimbNode" {
		Version: 232
		Properties70:  {
			P: "RotationActive", "bool", "", "",1
			P: "InheritType", "enum", "", "",1
			P: "ScalingMax", "Vector3D", "Vector", "",0,0,0
			P: "DefaultAttributeIndex", "int", "Integer", "",0
			P: "Lcl Translation", "Lcl Translation", "", "A+",-0.105214700102806,0.0975490212440491,-0.00724315643310547
			P: "Lcl Rotation", "Lcl Rotation", "", "A+",77.4064636230469,-27.860631942749,1.26758146286011
			P: "Lcl Scaling", "Lcl Scaling", "", "A+",0.999999821186066,1,1.00000071525574
		}
		Shading: Y
		Culling: "CullingOff"
	}
	Model: 3079518655648, "Model::shin.R", "LimbNode" {
		Version: 232
		Properties70:  {
			P: "RotationActive", "bool", "", "",1
			P: "InheritType", "enum", "", "",1
			P: "ScalingMax", "Vector3D", "Vector", "",0,0,0
			P: "DefaultAttributeIndex", "int", "Integer", "",0
			P: "Lcl Translation", "Lcl Translation", "", "A+",7.45058059692383e-09,0.391098439693451,-2.98023223876953e-07
			P: "Lcl Rotation", "Lcl Rotation", "", "A+",72.2170028686523,-1.16401147842407,1.64152538776398
			P: "Lcl Scaling", "Lcl Scaling", "", "A+",0.999999821186066,0.999999821186066,0.999999821186066
		}
		Shading: Y
		Culling: "CullingOff"
	}
	Model: 3079518657648, "Model::foot.R", "LimbNode" {
		Version: 232
		Properties70:  {
			P: "RotationActive", "bool", "", "",1
			P: "InheritType", "enum", "", "",1
			P: "ScalingMax", "Vector3D", "Vector", "",0,0,0
			P: "DefaultAttributeIndex", "int", "Integer", "",0
			P: "Lcl Translation", "Lcl Translation", "", "A+",-5.96046447753906e-08,0.407674461603165,-4.4703483581543e-07
			P: "Lcl Rotation", "Lcl Rotation", "", "A+",-77.1441040039062,6.97456359863281,-4.81729125976562
		}
		Shading: Y
		Culling: "CullingOff"
	}
	Model: 3079518659648, "Model::toe.R", "LimbNode" {
		Version: 232
		Properties70:  {
			P: "RotationActive", "bool", "", "",1
			P: "InheritType", "enum", "", "",1
			P: "ScalingMax", "Vector3D", "Vector", "",0,0,0
			P: "DefaultAttributeIndex", "int", "Integer", "",0
			P: "Lcl Translation", "Lcl Translation", "", "A+",-3.72529029846191e-09,0.130336344242096,-2.5331974029541e-07
			P: "Lcl Rotation", "Lcl Rotation", "", "A+",-150.941864013672,-0.293989568948746,177.805694580078
			P: "Lcl Scaling", "Lcl Scaling", "", "A+",0.999999821186066,0.999999701976776,1
		}
		Shading: Y
		Culling: "CullingOff"
	}
	Pose: 3078555354864, "Pose::BindPose", "BindPose" {
		Type: "BindPose"
		Version: 100
		NbPoseNodes: 25
		PoseNode:  {
			Node: 3080206415552
			Matrix: *16 {
				a: 99.9999999999965,0,2.6631610894334e-05,0,2.66316108943338e-05,1.33158054421881e-05,-99.9999999999956,0,-3.54621349281009e-12,99.9999999999991,1.33158054421876e-05,0,0,0,0,1
			} 
		}
		PoseNode:  {
			Node: 3079518659648
			Matrix: *16 {
				a: -0.999253393787443,0.0382879821084637,0.00513106251195663,0,0.0309786954638911,0.873581523782212,-0.485690277530182,0,-0.0230785130688386,-0.485168935875186,-0.874115830937909,0,-3.72529029846191e-09,0.130336344242096,-2.53319740267655e-07,1
			} 
		}
		PoseNode:  {
			Node: 3079518657648
			Matrix: *16 {
				a: 0.989093857873554,-0.0833571423268709,-0.12142869158443,0,-0.0992814133790834,0.231655537968683,-0.967718405676926,0,0.108795869748169,0.969219943331512,0.220853254841765,0,-5.96046447753906e-08,0.407674461603165,-4.47034835843185e-07,1
			} 
		}
		PoseNode:  {
			Node: 3079518655648
			Matrix: *16 {
				a: 0.999383162718704,0.0286401869806604,0.0203144317231886,0,-0.0280847545984132,0.304733225547798,0.952023397915485,0,0.0210756495907052,-0.952006850452827,0.305349661957209,0,7.45058059692383e-09,0.391098439693451,-2.98023223987975e-07,1
			} 
		}
		PoseNode:  {
			Node: 3079518651648
			Matrix: *16 {
				a: 0.883870430576625,0.0195574719036049,0.467322382961907,0,-0.460790973079412,0.207890555373922,0.862817011952622,0,-0.0802774620369928,-0.977957253811503,0.192760393541696,0,-0.105214700102806,0.0975490212440491,-0.00724315643310536,1
			} 
		}
		PoseNode:  {
			Node: 3079518653648
			Matrix: *16 {
				a: -0.999383624939309,-0.035094040863265,0.000648745880032067,0,-0.0280317352321411,0.786872024978187,-0.616478937595411,0,0.0211242645976235,-0.616117361166297,-0.787371045133544,0,-2.08616256713867e-07,0.130336001515389,-1.34110450744629e-07,1
			} 
		}
		PoseNode:  {
			Node: 3079518645648
			Matrix: *16 {
				a: 0.882423032246917,-0.115288488001612,-0.456112000164937,0,-0.469313053325641,-0.14815772025624,-0.87051375076951,0,0.032783699984878,0.982220699022539,-0.184844177076635,0,2.98023223876953e-08,0.407673001289368,-4.76837158230881e-07,1
			} 
		}
		PoseNode:  {
			Node: 3079518613648
			Matrix: *16 {
				a: 0.999272117536514,-0.0341013616866012,-0.0170977263170199,0,0.0337789294590097,0.582717626504992,0.811972163351156,0,-0.017726213093498,-0.811958831133338,0.583445488382546,0,0,0.39109855890274,5.96046448309018e-08,1
			} 
		}
		PoseNode:  {
			Node: 3079518615648
			Matrix: *16 {
				a: 0.982120855035108,-0.162583302552892,-0.0948974934057664,0,-0.0254384876859437,-0.614092145349959,0.788824415685982,0,-0.186526529022021,-0.772311187996767,-0.607251978515111,0,0.105214655399323,0.097548931837082,-0.0072431862354278,1
			} 
		}
		PoseNode:  {
			Node: 3079518643648
			Matrix: *16 {
				a: -0.232990826899385,0.0703894564788083,-0.969928264056653,0,-0.693662744049069,0.686998135416585,0.216484547837605,0,0.681577057302798,0.723241928770754,-0.111237706855265,0,-5.55111512312578e-17,0.00805620010942221,-0.0206966008991002,1
			} 
		}
		PoseNode:  {
			Node: 3079518623648
			Matrix: *16 {
				a: -0.232992014595565,-0.0703895444451904,0.969927972370161,0,0.693661858100815,0.686998944235832,0.216485370530137,0,-0.681577637112985,0.723241229714369,-0.111238699330438,0,-5.55111512312578e-17,0.00805620010942221,-0.0206966008991002,1
			} 
		}
		PoseNode:  {
			Node: 3079518625648
			Matrix: *16 {
				a: 0.895266590237703,-0.0877952330779963,-0.436794427419927,0,0.209312628509714,0.948343282777444,0.238397234793647,0,0.393301037617278,-0.304855760091551,0.867396966657579,0,2.98023223876953e-07,0.242479711771011,2.08616256658356e-07,1
			} 
		}
		PoseNode:  {
			Node: 3079518641648
			Matrix: *16 {
				a: 0.970477542145589,-0.139886415446855,-0.196480974490281,0,0.149109783312231,-0.292326955524397,0.94462207573536,0,-0.18957651511672,-0.946031915011027,-0.262838359203776,0,-5.96046447753906e-08,0.197035670280457,5.96046448309018e-08,1
			} 
		}
		PoseNode:  {
			Node: 3079518627648
			Matrix: *16 {
				a: 0.567940622609992,0.668294102419199,0.480443632732555,0,-0.596174375706139,0.736467668539017,-0.319674032333093,0,-0.567467472567732,-0.104872313850817,0.816689725500039,0,0.0092177987098695,0.178763508796692,-0.019684672355652,1
			} 
		}
		PoseNode:  {
			Node: 3079518619648
			Matrix: *16 {
				a: -0.0853173675435461,0.176647916881445,-0.980569457130338,0,-0.989725542642582,0.0983066957459564,0.103823803778096,0,0.114736788262307,0.979352494935855,0.16644566705735,0,-0.0271402895450592,0.190253734588623,0.00413650274276733,1
			} 
		}
		PoseNode:  {
			Node: 3079518617648
			Matrix: *16 {
				a: 0.744868470928573,-0.383241512115208,0.546165310854087,0,0.14299120475915,0.891252822623883,0.430374164566703,0,-0.651708620521818,-0.24247531009128,0.718666292729699,0,-5.96046446643683e-08,0.242479622364044,2.38418579046051e-07,1
			} 
		}
		PoseNode:  {
			Node: 3079518637648
			Matrix: *16 {
				a: 0.966043318242928,0.127775941145281,0.224573503590234,0,-0.136201375668532,-0.486764106650985,0.862849657886257,0,0.219565826478734,-0.864137675816595,-0.452832115774713,0,-5.96046447753906e-08,0.197035849094391,1.564621925354e-07,1
			} 
		}
		PoseNode:  {
			Node: 3079518629648
			Matrix: *16 {
				a: 0.0419049758529675,-0.894682895754617,-0.44473192941692,0,0.816885958331286,0.28697336215516,-0.500343145118132,0,0.575274670987788,-0.342328400947889,0.742879506512676,0,-0.00921797752380382,0.178763538599014,-0.0196847319602966,1
			} 
		}
		PoseNode:  {
			Node: 3079518609648
			Matrix: *16 {
				a: -0.146820833809293,-0.117197619345052,0.982195501492223,0,0.989150771037943,-0.0124737713686481,0.146372126974534,0,-0.00490278357164425,0.99303009290749,0.117757546108751,0,0.0271404683589935,0.190253615379333,0.00413650274276722,1
			} 
		}
		PoseNode:  {
			Node: 3079518639648
			Matrix: *16 {
				a: 0.948204108768151,0.145459285816332,0.282401424013763,0,0.0925303209996744,0.723976864301858,-0.683589995555457,0,-0.30388666431572,0.674313657489922,0.673018563320232,0,-8.94069671353304e-08,0.117625653743744,-5.96046446643683e-08,1
			} 
		}
		PoseNode:  {
			Node: 3079518621648
			Matrix: *16 {
				a: 0.9916929705317,-0.0529073197079637,0.117242772567568,0,0.0317966180441076,0.984035568887967,0.175108464228009,0,-0.124635555615433,-0.169925879012635,0.977543255457465,0,1.49011611993988e-07,0.184119939804077,-1.19209289661804e-07,1
			} 
		}
		PoseNode:  {
			Node: 3079518635648
			Matrix: *16 {
				a: 0.996821738653845,0.0766785140620319,0.0216061756996601,0,-0.0795916676199848,0.970171326571658,0.228981234855225,0,-0.00340375130389182,-0.229973144202316,0.973190839350087,0,-2.98023223876953e-08,0.135405242443085,-2.98023222211619e-08,1
			} 
		}
		PoseNode:  {
			Node: 3079518611648
			Matrix: *16 {
				a: 1,-1.11022302462516e-16,8.32667268468867e-17,0,1.11022302462516e-16,0.975782354386119,-0.218743678465648,0,0,0.218743678465648,0.975782354386119,0,0,0.126452401280403,0,1
			} 
		}
		PoseNode:  {
			Node: 3078051778608
			Matrix: *16 {
				a: 0.985810981038544,0.163644561902664,0.0373786974560151,0,-0.16733761620022,0.940532759392685,0.295627963977993,0,0.0132220231310144,-0.297688244038531,0.954571697613214,0,-1.49011611938477e-08,0.156536370515823,5.96046447753906e-08,1
			} 
		}
		PoseNode:  {
			Node: 3077454713248
			Matrix: *16 {
				a: 0.87176983817007,0.391441816760191,0.294602534524759,0,0.0869202084410773,-0.715373007912018,0.693315467096668,0,0.482143367289741,-0.578804598843507,-0.657664815644046,0,0.0228396020829678,0.0688132271170616,0.644987940788269,1
			} 
		}
	}
	AnimationStack: 3080045420400, "AnimStack::cross-low-followthrough", "" {
	}
	AnimationCurve: 3080555725696, "AnimCurve::", "" {
		Default: 0
		KeyVer: 4009
		KeyTime: *3 {
			a: 0,9237231600,21553540400
		} 
		KeyValueFloat: *3 {
			a: 0,0,0
		} 
		;KeyAttrFlags: Cubic|TangeantAuto|GenericTimeIndependent, Cubic|TangeantAuto|GenericTimeIndependent, Cubic|TangeantAuto|GenericTimeIndependent
		KeyAttrFlags: *3 {
			a: 8456,8456,8456
		} 
		;KeyAttrDataFloat: RightAuto:0, NextLeftAuto:0; RightAuto:0, NextLeftAuto:0; RightAuto:0, NextLeftAuto:0
		KeyAttrDataFloat: *12 {
			a: 0,0,218434821,0,0,0,218434821,0,0,0,218434821,0
		} 
		KeyAttrRefCount: *3 {
			a: 1,1,1
		} 
	}
	AnimationCurve: 3080555728576, "AnimCurve::", "" {
		Default: 0
		KeyVer: 4009
		KeyTime: *3 {
			a: 0,9237231600,21553540400
		} 
		KeyValueFloat: *3 {
			a: 0,0,0
		} 
		;KeyAttrFlags: Cubic|TangeantAuto|GenericTimeIndependent, Cubic|TangeantAuto|GenericTimeIndependent, Cubic|TangeantAuto|GenericTimeIndependent
		KeyAttrFlags: *3 {
			a: 8456,8456,8456
		} 
		;KeyAttrDataFloat: RightAuto:0, NextLeftAuto:0; RightAuto:0, NextLeftAuto:0; RightAuto:0, NextLeftAuto:0
		KeyAttrDataFloat: *12 {
			a: 0,0,218434821,0,0,0,218434821,0,0,0,218434821,0
		} 
		KeyAttrRefCount: *3 {
			a: 1,1,1
		} 
	}
	AnimationCurve: 3080555728096, "AnimCurve::", "" {
		Default: 0
		KeyVer: 4009
		KeyTime: *3 {
			a: 0,9237231600,21553540400
		} 
		KeyValueFloat: *3 {
			a: 0,0,0
		} 
		;KeyAttrFlags: Cubic|TangeantAuto|GenericTimeIndependent, Cubic|TangeantAuto|GenericTimeIndependent, Cubic|TangeantAuto|GenericTimeIndependent
		KeyAttrFlags: *3 {
			a: 8456,8456,8456
		} 
		;KeyAttrDataFloat: RightAuto:0, NextLeftAuto:0; RightAuto:0, NextLeftAuto:0; RightAuto:0, NextLeftAuto:0
		KeyAttrDataFloat: *12 {
			a: 0,0,218434821,0,0,0,218434821,0,0,0,218434821,0
		} 
		KeyAttrRefCount: *3 {
			a: 1,1,1
		} 
	}
	AnimationCurve: 3080555725216, "AnimCurve::", "" {
		Default: -89.9999847412109
		KeyVer: 4009
		KeyTime: *3 {
			a: 0,9237231600,21553540400
		} 
		KeyValueFloat: *3 {
			a: -89.99998,-89.99998,-89.99998
		} 
		;KeyAttrFlags: Cubic|TangeantAuto|GenericTimeIndependent, Cubic|TangeantAuto|GenericTimeIndependent, Cubic|TangeantAuto|GenericTimeIndependent
		KeyAttrFlags: *3 {
			a: 8456,8456,8456
		} 
		;KeyAttrDataFloat: RightAuto:0, NextLeftAuto:0; RightAuto:0, NextLeftAuto:0; RightAuto:0, NextLeftAuto:0
		KeyAttrDataFloat: *12 {
			a: 0,0,218434821,0,0,0,218434821,0,0,0,218434821,0
		} 
		KeyAttrRefCount: *3 {
			a: 1,1,1
		} 
	}
	AnimationCurve: 3080555726656, "AnimCurve::", "" {
		Default: 89.9999847412109
		KeyVer: 4009
		KeyTime: *3 {
			a: 0,9237231600,21553540400
		} 
		KeyValueFloat: *3 {
			a: 89.99998,89.99998,89.99998
		} 
		;KeyAttrFlags: Cubic|TangeantAuto|GenericTimeIndependent, Cubic|TangeantAuto|GenericTimeIndependent, Cubic|TangeantAuto|GenericTimeIndependent
		KeyAttrFlags: *3 {
			a: 8456,8456,8456
		} 
		;KeyAttrDataFloat: RightAuto:0, NextLeftAuto:0; RightAuto:0, NextLeftAuto:0; RightAuto:0, NextLeftAuto:0
		KeyAttrDataFloat: *12 {
			a: 0,0,218434821,0,0,0,218434821,0,0,0,218434821,0
		} 
		KeyAttrRefCount: *3 {
			a: 1,1,1
		} 
	}
	AnimationCurve: 3080555719936, "AnimCurve::", "" {
		Default: 0
		KeyVer: 4009
		KeyTime: *3 {
			a: 0,9237231600,21553540400
		} 
		KeyValueFloat: *3 {
			a: 0,0,0
		} 
		;KeyAttrFlags: Cubic|TangeantAuto|GenericTimeIndependent, Cubic|TangeantAuto|GenericTimeIndependent, Cubic|TangeantAuto|GenericTimeIndependent
		KeyAttrFlags: *3 {
			a: 8456,8456,8456
		} 
		;KeyAttrDataFloat: RightAuto:0, NextLeftAuto:0; RightAuto:0, NextLeftAuto:0; RightAuto:0, NextLeftAuto:0
		KeyAttrDataFloat: *12 {
			a: 0,0,218434821,0,0,0,218434821,0,0,0,218434821,0
		} 
		KeyAttrRefCount: *3 {
			a: 1,1,1
		} 
	}
	AnimationCurve: 3080555721376, "AnimCurve::", "" {
		Default: 100
		KeyVer: 4009
		KeyTime: *3 {
			a: 0,9237231600,21553540400
		} 
		KeyValueFloat: *3 {
			a: 100,100,100
		} 
		;KeyAttrFlags: Cubic|TangeantAuto|GenericTimeIndependent, Cubic|TangeantAuto|GenericTimeIndependent, Cubic|TangeantAuto|GenericTimeIndependent
		KeyAttrFlags: *3 {
			a: 8456,8456,8456
		} 
		;KeyAttrDataFloat: RightAuto:0, NextLeftAuto:0; RightAuto:0, NextLeftAuto:0; RightAuto:0, NextLeftAuto:0
		KeyAttrDataFloat: *12 {
			a: 0,0,218434821,0,0,0,218434821,0,0,0,218434821,0
		} 
		KeyAttrRefCount: *3 {
			a: 1,1,1
		} 
	}
	AnimationCurve: 3080555727136, "AnimCurve::", "" {
		Default: 100
		KeyVer: 4009
		KeyTime: *3 {
			a: 0,9237231600,21553540400
		} 
		KeyValueFloat: *3 {
			a: 100,100,100
		} 
		;KeyAttrFlags: Cubic|TangeantAuto|GenericTimeIndependent, Cubic|TangeantAuto|GenericTimeIndependent, Cubic|TangeantAuto|GenericTimeIndependent
		KeyAttrFlags: *3 {
			a: 8456,8456,8456
		} 
		;KeyAttrDataFloat: RightAuto:0, NextLeftAuto:0; RightAuto:0, NextLeftAuto:0; RightAuto:0, NextLeftAuto:0
		KeyAttrDataFloat: *12 {
			a: 0,0,218434821,0,0,0,218434821,0,0,0,218434821,0
		} 
		KeyAttrRefCount: *3 {
			a: 1,1,1
		} 
	}
	AnimationCurve: 3080555721696, "AnimCurve::", "" {
		Default: 100
		KeyVer: 4009
		KeyTime: *3 {
			a: 0,9237231600,21553540400
		} 
		KeyValueFloat: *3 {
			a: 100,100,100
		} 
