; FBX 7.7.0 project file
; ----------------------------------------------------

FBXHeaderExtension:  {
	FBXHeaderVersion: 1004
	FBXVersion: 7700
	CreationTimeStamp:  {
		Version: 1000
		Year: 2023
		Month: 3
		Day: 26
		Hour: 3
		Minute: 32
		Second: 35
		Millisecond: 272
	}
	Creator: "FBX SDK/FBX Plugins version 2020.2"
	OtherFlags:  {
		TCDefinition: 127
	}
	SceneInfo: "SceneInfo::GlobalInfo", "UserData" {
		Type: "UserData"
		Version: 100
		MetaData:  {
			Version: 100
			Title: ""
			Subject: ""
			Author: ""
			Keywords: ""
			Revision: ""
			Comment: ""
		}
		Properties70:  {
			P: "DocumentUrl", "KString", "Url", "", "C:\Users\patri\Documents\work-folder\game-dev\Unity\uppercut-city\Assets\Characters\Common\BoxerAnimations\cross-low-followthrough.fbx"
			P: "SrcDocumentUrl", "KString", "Url", "", "C:\Users\patri\Documents\work-folder\game-dev\Unity\uppercut-city\Assets\Characters\Common\BoxerAnimations\cross-low-followthrough.fbx"
			P: "Original", "Compound", "", ""
			P: "Original|ApplicationVendor", "KString", "", "", ""
			P: "Original|ApplicationName", "KString", "", "", ""
			P: "Original|ApplicationVersion", "KString", "", "", ""
			P: "Original|DateTime_GMT", "DateTime", "", "", ""
			P: "Original|FileName", "KString", "", "", ""
			P: "LastSaved", "Compound", "", ""
			P: "LastSaved|ApplicationVendor", "KString", "", "", ""
			P: "LastSaved|ApplicationName", "KString", "", "", ""
			P: "LastSaved|ApplicationVersion", "KString", "", "", ""
			P: "LastSaved|DateTime_GMT", "DateTime", "", "", ""
		}
	}
}
GlobalSettings:  {
	Version: 1000
	Properties70:  {
		P: "UpAxis", "int", "Integer", "",1
		P: "UpAxisSign", "int", "Integer", "",1
		P: "FrontAxis", "int", "Integer", "",2
		P: "FrontAxisSign", "int", "Integer", "",1
		P: "CoordAxis", "int", "Integer", "",0
		P: "CoordAxisSign", "int", "Integer", "",1
		P: "OriginalUpAxis", "int", "Integer", "",-1
		P: "OriginalUpAxisSign", "int", "Integer", "",1
		P: "UnitScaleFactor", "double", "Number", "",1
		P: "OriginalUnitScaleFactor", "double", "Number", "",1
		P: "AmbientColor", "ColorRGB", "Color", "",0,0,0
		P: "DefaultCamera", "KString", "", "", "Producer Perspective"
		P: "TimeMode", "enum", "", "",6
		P: "TimeProtocol", "enum", "", "",2
		P: "SnapOnFrameMode", "enum", "", "",0
		P: "TimeSpanStart", "KTime", "Time", "",0
		P: "TimeSpanStop", "KTime", "Time", "",46186158000
		P: "CustomFrameRate", "double", "Number", "",-1
		P: "TimeMarker", "Compound", "", ""
		P: "CurrentTimeMarker", "int", "Integer", "",-1
	}
}

; Documents Description
;------------------------------------------------------------------

Documents:  {
	Count: 1
	Document: 1969411910896, "myScene", "Scene" {
		Properties70:  {
			P: "SourceObject", "object", "", ""
			P: "ActiveAnimStackName", "KString", "", "", ""
		}
		RootNode: 0
	}
}

; Document References
;------------------------------------------------------------------

References:  {
}

; Object definitions
;------------------------------------------------------------------

Definitions:  {
	Version: 100
	Count: 354
	ObjectType: "GlobalSettings" {
		Count: 1
	}
	ObjectType: "NodeAttribute" {
		Count: 25
		PropertyTemplate: "FbxNull" {
			Properties70:  {
				P: "Color", "ColorRGB", "Color", "",0.8,0.8,0.8
				P: "Size", "double", "Number", "",100
				P: "Look", "enum", "", "",1
			}
		}
	}
	ObjectType: "Model" {
		Count: 25
		PropertyTemplate: "FbxNode" {
			Properties70:  {
				P: "QuaternionInterpolate", "enum", "", "",0
				P: "RotationOffset", "Vector3D", "Vector", "",0,0,0
				P: "RotationPivot", "Vector3D", "Vector", "",0,0,0
				P: "ScalingOffset", "Vector3D", "Vector", "",0,0,0
				P: "ScalingPivot", "Vector3D", "Vector", "",0,0,0
				P: "TranslationActive", "bool", "", "",0
				P: "TranslationMin", "Vector3D", "Vector", "",0,0,0
				P: "TranslationMax", "Vector3D", "Vector", "",0,0,0
				P: "TranslationMinX", "bool", "", "",0
				P: "TranslationMinY", "bool", "", "",0
				P: "TranslationMinZ", "bool", "", "",0
				P: "TranslationMaxX", "bool", "", "",0
				P: "TranslationMaxY", "bool", "", "",0
				P: "TranslationMaxZ", "bool", "", "",0
				P: "RotationOrder", "enum", "", "",0
				P: "RotationSpaceForLimitOnly", "bool", "", "",0
				P: "RotationStiffnessX", "double", "Number", "",0
				P: "RotationStiffnessY", "double", "Number", "",0
				P: "RotationStiffnessZ", "double", "Number", "",0
				P: "AxisLen", "double", "Number", "",10
				P: "PreRotation", "Vector3D", "Vector", "",0,0,0
				P: "PostRotation", "Vector3D", "Vector", "",0,0,0
				P: "RotationActive", "bool", "", "",0
				P: "RotationMin", "Vector3D", "Vector", "",0,0,0
				P: "RotationMax", "Vector3D", "Vector", "",0,0,0
				P: "RotationMinX", "bool", "", "",0
				P: "RotationMinY", "bool", "", "",0
				P: "RotationMinZ", "bool", "", "",0
				P: "RotationMaxX", "bool", "", "",0
				P: "RotationMaxY", "bool", "", "",0
				P: "RotationMaxZ", "bool", "", "",0
				P: "InheritType", "enum", "", "",0
				P: "ScalingActive", "bool", "", "",0
				P: "ScalingMin", "Vector3D", "Vector", "",0,0,0
				P: "ScalingMax", "Vector3D", "Vector", "",1,1,1
				P: "ScalingMinX", "bool", "", "",0
				P: "ScalingMinY", "bool", "", "",0
				P: "ScalingMinZ", "bool", "", "",0
				P: "ScalingMaxX", "bool", "", "",0
				P: "ScalingMaxY", "bool", "", "",0
				P: "ScalingMaxZ", "bool", "", "",0
				P: "GeometricTranslation", "Vector3D", "Vector", "",0,0,0
				P: "GeometricRotation", "Vector3D", "Vector", "",0,0,0
				P: "GeometricScaling", "Vector3D", "Vector", "",1,1,1
				P: "MinDampRangeX", "double", "Number", "",0
				P: "MinDampRangeY", "double", "Number", "",0
				P: "MinDampRangeZ", "double", "Number", "",0
				P: "MaxDampRangeX", "double", "Number", "",0
				P: "MaxDampRangeY", "double", "Number", "",0
				P: "MaxDampRangeZ", "double", "Number", "",0
				P: "MinDampStrengthX", "double", "Number", "",0
				P: "MinDampStrengthY", "double", "Number", "",0
				P: "MinDampStrengthZ", "double", "Number", "",0
				P: "MaxDampStrengthX", "double", "Number", "",0
				P: "MaxDampStrengthY", "double", "Number", "",0
				P: "MaxDampStrengthZ", "double", "Number", "",0
				P: "PreferedAngleX", "double", "Number", "",0
				P: "PreferedAngleY", "double", "Number", "",0
				P: "PreferedAngleZ", "double", "Number", "",0
				P: "LookAtProperty", "object", "", ""
				P: "UpVectorProperty", "object", "", ""
				P: "Show", "bool", "", "",1
				P: "NegativePercentShapeSupport", "bool", "", "",1
				P: "DefaultAttributeIndex", "int", "Integer", "",-1
				P: "Freeze", "bool", "", "",0
				P: "LODBox", "bool", "", "",0
				P: "Lcl Translation", "Lcl Translation", "", "A",0,0,0
				P: "Lcl Rotation", "Lcl Rotation", "", "A",0,0,0
				P: "Lcl Scaling", "Lcl Scaling", "", "A",1,1,1
				P: "Visibility", "Visibility", "", "A",1
				P: "Visibility Inheritance", "Visibility Inheritance", "", "",1
			}
		}
	}
	ObjectType: "Pose" {
		Count: 1
	}
	ObjectType: "AnimationStack" {
		Count: 1
		PropertyTemplate: "FbxAnimStack" {
			Properties70:  {
				P: "Description", "KString", "", "", ""
				P: "LocalStart", "KTime", "Time", "",0
				P: "LocalStop", "KTime", "Time", "",0
				P: "ReferenceStart", "KTime", "Time", "",0
				P: "ReferenceStop", "KTime", "Time", "",0
			}
		}
	}
	ObjectType: "AnimationLayer" {
		Count: 1
		PropertyTemplate: "FbxAnimLayer" {
			Properties70:  {
				P: "Weight", "Number", "", "A",100
				P: "Mute", "bool", "", "",0
				P: "Solo", "bool", "", "",0
				P: "Lock", "bool", "", "",0
				P: "Color", "ColorRGB", "Color", "",0.8,0.8,0.8
				P: "BlendMode", "enum", "", "",0
				P: "RotationAccumulationMode", "enum", "", "",0
				P: "ScaleAccumulationMode", "enum", "", "",0
				P: "BlendModeBypass", "ULongLong", "", "",0
			}
		}
	}
	ObjectType: "AnimationCurveNode" {
		Count: 75
		PropertyTemplate: "FbxAnimCurveNode" {
			Properties70:  {
				P: "d", "Compound", "", ""
			}
		}
	}
	ObjectType: "AnimationCurve" {
		Count: 225
	}
}

; Object properties
;------------------------------------------------------------------

Objects:  {
	NodeAttribute: 1975449406240, "NodeAttribute::", "Null" {
		TypeFlags: "Null"
	}
	NodeAttribute: 1970574062384, "NodeAttribute::spine", "LimbNode" {
		Properties70:  {
			P: "Size", "double", "Number", "",3.28587698936462
		}
		TypeFlags: "Skeleton"
	}
	NodeAttribute: 1970574058352, "NodeAttribute::spine.001", "LimbNode" {
		Properties70:  {
			P: "Size", "double", "Number", "",2.95710468292236
		}
		TypeFlags: "Skeleton"
	}
	NodeAttribute: 1970574065648, "NodeAttribute::spine.002", "LimbNode" {
		Properties70:  {
			P: "Size", "double", "Number", "",2.50252175331116
		}
		TypeFlags: "Skeleton"
	}
	NodeAttribute: 1970574069872, "NodeAttribute::spine.003", "LimbNode" {
		Properties70:  {
			P: "Size", "double", "Number", "",3.05492115020752
		}
		TypeFlags: "Skeleton"
	}
	NodeAttribute: 1970574057776, "NodeAttribute::spine.004", "LimbNode" {
		Properties70:  {
			P: "Size", "double", "Number", "",5.68054151535034
		}
		TypeFlags: "Skeleton"
	}
	NodeAttribute: 1970574057968, "NodeAttribute::spine.005", "LimbNode" {
		Properties70:  {
			P: "Size", "double", "Number", "",6.89283752441406
		}
		TypeFlags: "Skeleton"
	}
	NodeAttribute: 1970574058736, "NodeAttribute::shoulder.L", "LimbNode" {
		Properties70:  {
			P: "Size", "double", "Number", "",3.00270175933838
		}
		TypeFlags: "Skeleton"
	}
	NodeAttribute: 1970574067184, "NodeAttribute::upper_arm.L", "LimbNode" {
		Properties70:  {
			P: "Size", "double", "Number", "",2.34677624702454
		}
		TypeFlags: "Skeleton"
	}
	NodeAttribute: 1970574058544, "NodeAttribute::forearm.L", "LimbNode" {
		Properties70:  {
			P: "Size", "double", "Number", "",3.18843913078308
		}
		TypeFlags: "Skeleton"
	}
	NodeAttribute: 1970574064304, "NodeAttribute::hand.L", "LimbNode" {
		Properties70:  {
			P: "Size", "double", "Number", "",5.47286701202393
		}
		TypeFlags: "Skeleton"
	}
	NodeAttribute: 1970574059312, "NodeAttribute::shoulder.R", "LimbNode" {
		Properties70:  {
			P: "Size", "double", "Number", "",3.00359797477722
		}
		TypeFlags: "Skeleton"
	}
	NodeAttribute: 1970574067952, "NodeAttribute::upper_arm.R", "LimbNode" {
		Properties70:  {
			P: "Size", "double", "Number", "",2.34828996658325
		}
		TypeFlags: "Skeleton"
	}
	NodeAttribute: 1970574059120, "NodeAttribute::forearm.R", "LimbNode" {
		Properties70:  {
			P: "Size", "double", "Number", "",3.13255071640015
		}
		TypeFlags: "Skeleton"
	}
	NodeAttribute: 1970574059504, "NodeAttribute::hand.R", "LimbNode" {
		Properties70:  {
			P: "Size", "double", "Number", "",5.54159164428711
		}
		TypeFlags: "Skeleton"
	}
	NodeAttribute: 1970574062768, "NodeAttribute::pelvis.L", "LimbNode" {
		Properties70:  {
			P: "Size", "double", "Number", "",3.16468071937561
		}
		TypeFlags: "Skeleton"
	}
	NodeAttribute: 1970574062960, "NodeAttribute::pelvis.R", "LimbNode" {
		Properties70:  {
			P: "Size", "double", "Number", "",3.1727466583252
		}
		TypeFlags: "Skeleton"
	}
	NodeAttribute: 1970574063152, "NodeAttribute::thigh.L", "LimbNode" {
		Properties70:  {
			P: "Size", "double", "Number", "",2.33007216453552
		}
		TypeFlags: "Skeleton"
	}
	NodeAttribute: 1970574058928, "NodeAttribute::shin.L", "LimbNode" {
		Properties70:  {
			P: "Size", "double", "Number", "",2.86792755126953
		}
		TypeFlags: "Skeleton"
	}
	NodeAttribute: 1970574067568, "NodeAttribute::foot.L", "LimbNode" {
		Properties70:  {
			P: "Size", "double", "Number", "",3.22272825241089
		}
		TypeFlags: "Skeleton"
	}
	NodeAttribute: 1970574064496, "NodeAttribute::toe.L", "LimbNode" {
		Properties70:  {
			P: "Size", "double", "Number", "",2.65555262565613
		}
		TypeFlags: "Skeleton"
	}
	NodeAttribute: 1970574064880, "NodeAttribute::thigh.R", "LimbNode" {
		Properties70:  {
			P: "Size", "double", "Number", "",2.33012890815735
		}
		TypeFlags: "Skeleton"
	}
	NodeAttribute: 1970574063536, "NodeAttribute::shin.R", "LimbNode" {
		Properties70:  {
			P: "Size", "double", "Number", "",2.86725783348083
		}
		TypeFlags: "Skeleton"
	}
	NodeAttribute: 1970574065840, "NodeAttribute::foot.R", "LimbNode" {
		Properties70:  {
			P: "Size", "double", "Number", "",3.22272825241089
		}
		TypeFlags: "Skeleton"
	}
	NodeAttribute: 1970574059888, "NodeAttribute::toe.R", "LimbNode" {
		Properties70:  {
			P: "Size", "double", "Number", "",2.65555262565613
		}
		TypeFlags: "Skeleton"
	}
	Model: 1969982194960, "Model::metarig", "Null" {
		Version: 232
		Properties70:  {
			P: "PreRotation", "Vector3D", "Vector", "",-0,-90,0
			P: "RotationActive", "bool", "", "",1
			P: "InheritType", "enum", "", "",1
			P: "ScalingMax", "Vector3D", "Vector", "",0,0,0
			P: "DefaultAttributeIndex", "int", "Integer", "",0
			P: "Lcl Rotation", "Lcl Rotation", "", "A+",-89.9999923706055,89.9999847412109,0
			P: "Lcl Scaling", "Lcl Scaling", "", "A+",100,100,100
		}
		Shading: Y
		Culling: "CullingOff"
	}
	Model: 1969982196960, "Model::spine", "LimbNode" {
		Version: 232
		Properties70:  {
			P: "RotationActive", "bool", "", "",1
			P: "InheritType", "enum", "", "",1
			P: "ScalingMax", "Vector3D", "Vector", "",0,0,0
			P: "DefaultAttributeIndex", "int", "Integer", "",0
			P: "Lcl Translation", "Lcl Translation", "", "A+",0.0129566043615341,0.0734051987528801,0.651661813259125
			P: "Lcl Rotation", "Lcl Rotation", "", "A+",137.025756835938,-23.6072673797607,34.733283996582
		}
		Shading: Y
		Culling: "CullingOff"
	}
	Model: 1969995559536, "Model::spine.001", "LimbNode" {
		Version: 232
		Properties70:  {
			P: "RotationActive", "bool", "", "",1
			P: "InheritType", "enum", "", "",1
			P: "ScalingMax", "Vector3D", "Vector", "",0,0,0
			P: "DefaultAttributeIndex", "int", "Integer", "",0
			P: "Lcl Translation", "Lcl Translation", "", "A+",0,0.156536370515823,5.96046447753906e-08
			P: "Lcl Rotation", "Lcl Rotation", "", "A+",6.70408248901367,-0.782306849956512,13.8314113616943
			P: "Lcl Scaling", "Lcl Scaling", "", "A+",1,0.999999821186066,1.00000011920929
		}
		Shading: Y
		Culling: "CullingOff"
	}
	Model: 1969995553536, "Model::spine.002", "LimbNode" {
		Version: 232
		Properties70:  {
			P: "RotationActive", "bool", "", "",1
			P: "InheritType", "enum", "", "",1
			P: "ScalingMax", "Vector3D", "Vector", "",0,0,0
			P: "DefaultAttributeIndex", "int", "Integer", "",0
			P: "Lcl Translation", "Lcl Translation", "", "A+",0,0.126452401280403,0
			P: "Lcl Rotation", "Lcl Rotation", "", "A+",-12.63525390625,-7.01670912670559e-15,-7.01670912670559e-15
		}
		Shading: Y
		Culling: "CullingOff"
	}
	Model: 1969986339376, "Model::spine.003", "LimbNode" {
		Version: 232
		Properties70:  {
			P: "RotationActive", "bool", "", "",1
			P: "InheritType", "enum", "", "",1
			P: "ScalingMax", "Vector3D", "Vector", "",0,0,0
			P: "DefaultAttributeIndex", "int", "Integer", "",0
			P: "Lcl Translation", "Lcl Translation", "", "A+",-8.94069671630859e-08,0.13540518283844,2.98023223876953e-08
			P: "Lcl Rotation", "Lcl Rotation", "", "A+",12.4397878646851,-1.40688359737396,5.29823732376099
			P: "Lcl Scaling", "Lcl Scaling", "", "A+",1,0.999999821186066,0.999999821186066
		}
		Shading: Y
		Culling: "CullingOff"
	}
	Model: 1969986353376, "Model::spine.004", "LimbNode" {
		Version: 232
		Properties70:  {
			P: "RotationActive", "bool", "", "",1
			P: "InheritType", "enum", "", "",1
			P: "ScalingMax", "Vector3D", "Vector", "",0,0,0
			P: "DefaultAttributeIndex", "int", "Integer", "",0
			P: "Lcl Translation", "Lcl Translation", "", "A+",2.98023223876953e-08,0.184120118618011,-1.78813934326172e-07
			P: "Lcl Rotation", "Lcl Rotation", "", "A+",11.1364898681641,-9.8929443359375,-4.03843688964844
			P: "Lcl Scaling", "Lcl Scaling", "", "A+",1,1,0.999999821186066
		}
		Shading: Y
		Culling: "CullingOff"
	}
	Model: 1970475024096, "Model::spine.005", "LimbNode" {
		Version: 232
		Properties70:  {
			P: "RotationActive", "bool", "", "",1
			P: "InheritType", "enum", "", "",1
			P: "ScalingMax", "Vector3D", "Vector", "",0,0,0
			P: "DefaultAttributeIndex", "int", "Integer", "",0
			P: "Lcl Translation", "Lcl Translation", "", "A+",2.08616256713867e-07,0.117625653743744,1.19209289550781e-07
			P: "Lcl Rotation", "Lcl Rotation", "", "A+",-46.6695251464844,-23.0797805786133,12.216456413269
			P: "Lcl Scaling", "Lcl Scaling", "", "A+",1,0.999999821186066,1
		}
		Shading: Y
		Culling: "CullingOff"
	}
	Model: 1974516291552, "Model::shoulder.L", "LimbNode" {
		Version: 232
		Properties70:  {
			P: "RotationActive", "bool", "", "",1
			P: "InheritType", "enum", "", "",1
			P: "ScalingMax", "Vector3D", "Vector", "",0,0,0
			P: "DefaultAttributeIndex", "int", "Integer", "",0
			P: "Lcl Translation", "Lcl Translation", "", "A+",0.0271404087543488,0.190253734588623,0.00413656234741211
			P: "Lcl Rotation", "Lcl Rotation", "", "A+",28.9587707519531,-76.7716445922852,-123.20378112793
			P: "Lcl Scaling", "Lcl Scaling", "", "A+",0.999999821186066,0.999999821186066,0.999999821186066
		}
		Shading: Y
		Culling: "CullingOff"
	}
	Model: 1974516295552, "Model::upper_arm.L", "LimbNode" {
		Version: 232
		Properties70:  {
			P: "RotationActive", "bool", "", "",1
			P: "InheritType", "enum", "", "",1
			P: "ScalingMax", "Vector3D", "Vector", "",0,0,0
			P: "DefaultAttributeIndex", "int", "Integer", "",0
			P: "Lcl Translation", "Lcl Translation", "", "A+",-0.00921797752380371,0.178763657808304,-0.0196846723556519
			P: "Lcl Rotation", "Lcl Rotation", "", "A+",-84.4729080200195,26.9371185302734,-100.525093078613
			P: "Lcl Scaling", "Lcl Scaling", "", "A+",1,0.999999821186066,0.999999821186066
		}
		Shading: Y
		Culling: "CullingOff"
	}
	Model: 1974516287552, "Model::forearm.L", "LimbNode" {
		Version: 232
		Properties70:  {
			P: "RotationActive", "bool", "", "",1
			P: "InheritType", "enum", "", "",1
			P: "ScalingMax", "Vector3D", "Vector", "",0,0,0
			P: "DefaultAttributeIndex", "int", "Integer", "",0
			P: "Lcl Translation", "Lcl Translation", "", "A+",-1.19209289550781e-07,0.197035819292068,-5.96046447753906e-08
			P: "Lcl Rotation", "Lcl Rotation", "", "A+",140.378875732422,-15.5076522827148,5.41889047622681
			P: "Lcl Scaling", "Lcl Scaling", "", "A+",0.999999821186066,0.999999821186066,1
		}
		Shading: Y
		Culling: "CullingOff"
	}
	Model: 1974516299552, "Model::hand.L", "LimbNode" {
		Version: 232
		Properties70:  {
			P: "RotationActive", "bool", "", "",1
			P: "InheritType", "enum", "", "",1
			P: "ScalingMax", "Vector3D", "Vector", "",0,0,0
			P: "DefaultAttributeIndex", "int", "Integer", "",0
			P: "Lcl Translation", "Lcl Translation", "", "A+",-5.96046447753906e-08,0.242479667067528,5.96046447753906e-08
			P: "Lcl Rotation", "Lcl Rotation", "", "A+",11.5253601074219,1.89442443847656,-12.4447326660156
			P: "Lcl Scaling", "Lcl Scaling", "", "A+",0.999999821186066,1,0.999999821186066
		}
		Shading: Y
		Culling: "CullingOff"
	}
	Model: 1974516309552, "Model::shoulder.R", "LimbNode" {
		Version: 232
		Properties70:  {
			P: "RotationActive", "bool", "", "",1
			P: "InheritType", "enum", "", "",1
			P: "ScalingMax", "Vector3D", "Vector", "",0,0,0
			P: "DefaultAttributeIndex", "int", "Integer", "",0
			P: "Lcl Translation", "Lcl Translation", "", "A+",-0.0271403789520264,0.190253794193268,0.00413656234741211
			P: "Lcl Rotation", "Lcl Rotation", "", "A+",24.5402221679688,77.3586502075195,107.405151367188
			P: "Lcl Scaling", "Lcl Scaling", "", "A+",1,1.00000011920929,1
		}
		Shading: Y
		Culling: "CullingOff"
	}
	Model: 1974516297552, "Model::upper_arm.R", "LimbNode" {
		Version: 232
		Properties70:  {
			P: "RotationActive", "bool", "", "",1
			P: "InheritType", "enum", "", "",1
			P: "ScalingMax", "Vector3D", "Vector", "",0,0,0
			P: "DefaultAttributeIndex", "int", "Integer", "",0
			P: "Lcl Translation", "Lcl Translation", "", "A+",0.00921779870986938,0.178763464093208,-0.0196846723556519
			P: "Lcl Rotation", "Lcl Rotation", "", "A+",-28.2173748016357,-23.0615539550781,36.9730110168457
			P: "Lcl Scaling", "Lcl Scaling", "", "A+",0.999999821186066,1,0.999999821186066
		}
		Shading: Y
		Culling: "CullingOff"
	}
	Model: 1974516303552, "Model::forearm.R", "LimbNode" {
		Version: 232
		Properties70:  {
			P: "RotationActive", "bool", "", "",1
			P: "InheritType", "enum", "", "",1
			P: "ScalingMax", "Vector3D", "Vector", "",0,0,0
			P: "DefaultAttributeIndex", "int", "Integer", "",0
			P: "Lcl Translation", "Lcl Translation", "", "A+",5.96046447753906e-08,0.197035670280457,-5.96046447753906e-08
			P: "Lcl Rotation", "Lcl Rotation", "", "A+",115.408905029297,12.6804962158203,-7.68705749511719
			P: "Lcl Scaling", "Lcl Scaling", "", "A+",0.999999821186066,0.999999821186066,0.999999821186066
		}
		Shading: Y
		Culling: "CullingOff"
	}
	Model: 1974516305552, "Model::hand.R", "LimbNode" {
		Version: 232
		Properties70:  {
			P: "RotationActive", "bool", "", "",1
			P: "InheritType", "enum", "", "",1
			P: "ScalingMax", "Vector3D", "Vector", "",0,0,0
			P: "DefaultAttributeIndex", "int", "Integer", "",0
			P: "Lcl Translation", "Lcl Translation", "", "A+",1.78813934326172e-07,0.242479622364044,2.98023223876953e-08
			P: "Lcl Rotation", "Lcl Rotation", "", "A+",11.0220031738281,29.4769744873047,-3.51866149902344
			P: "Lcl Scaling", "Lcl Scaling", "", "A+",0.999999821186066,1,1.00000011920929
		}
		Shading: Y
		Culling: "CullingOff"
	}
	Model: 1974516307552, "Model::pelvis.L", "LimbNode" {
		Version: 232
		Properties70:  {
			P: "RotationActive", "bool", "", "",1
			P: "InheritType", "enum", "", "",1
			P: "ScalingMax", "Vector3D", "Vector", "",0,0,0
			P: "DefaultAttributeIndex", "int", "Integer", "",0
			P: "Lcl Translation", "Lcl Translation", "", "A+",0,0.00805620010942221,-0.0206966008991003
			P: "Lcl Rotation", "Lcl Rotation", "", "A+",117.19588470459,-75.9131393432617,-163.189834594727
			P: "Lcl Scaling", "Lcl Scaling", "", "A+",1.00000011920929,1.00000011920929,1
		}
		Shading: Y
		Culling: "CullingOff"
	}
	Model: 1974516301552, "Model::pelvis.R", "LimbNode" {
		Version: 232
		Properties70:  {
			P: "RotationActive", "bool", "", "",1
			P: "InheritType", "enum", "", "",1
			P: "ScalingMax", "Vector3D", "Vector", "",0,0,0
			P: "DefaultAttributeIndex", "int", "Integer", "",0
			P: "Lcl Translation", "Lcl Translation", "", "A+",0,0.00805620010942221,-0.0206966008991003
			P: "Lcl Rotation", "Lcl Rotation", "", "A+",117.195762634277,75.9132080078125,163.18977355957
			P: "Lcl Scaling", "Lcl Scaling", "", "A+",1.00000011920929,1,1
		}
		Shading: Y
		Culling: "CullingOff"
	}
	Model: 1974516289552, "Model::thigh.L", "LimbNode" {
		Version: 232
		Properties70:  {
			P: "RotationActive", "bool", "", "",1
			P: "InheritType", "enum", "", "",1
			P: "ScalingMax", "Vector3D", "Vector", "",0,0,0
			P: "DefaultAttributeIndex", "int", "Integer", "",0
			P: "Lcl Translation", "Lcl Translation", "", "A+",0.105214715003967,0.0975488722324371,-0.00724309682846069
			P: "Lcl Rotation", "Lcl Rotation", "", "A+",121.494300842285,-7.0164794921875,-6.79423522949219
			P: "Lcl Scaling", "Lcl Scaling", "", "A+",1.00000011920929,1.00000011920929,1.00000584125519
		}
		Shading: Y
		Culling: "CullingOff"
	}
	Model: 1974516285552, "Model::shin.L", "LimbNode" {
		Version: 232
		Properties70:  {
			P: "RotationActive", "bool", "", "",1
			P: "InheritType", "enum", "", "",1
			P: "ScalingMax", "Vector3D", "Vector", "",0,0,0
			P: "DefaultAttributeIndex", "int", "Integer", "",0
			P: "Lcl Translation", "Lcl Translation", "", "A+",0,0.391098529100418,3.87430191040039e-07
			P: "Lcl Rotation", "Lcl Rotation", "", "A+",52.2557525634766,0.952621459960938,-1.98622131347656
			P: "Lcl Scaling", "Lcl Scaling", "", "A+",1,0.999999821186066,1
		}
		Shading: Y
		Culling: "CullingOff"
	}
	Model: 1974516311552, "Model::foot.L", "LimbNode" {
		Version: 232
		Properties70:  {
			P: "RotationActive", "bool", "", "",1
			P: "InheritType", "enum", "", "",1
			P: "ScalingMax", "Vector3D", "Vector", "",0,0,0
			P: "DefaultAttributeIndex", "int", "Integer", "",0
			P: "Lcl Translation", "Lcl Translation", "", "A+",-1.49011611938477e-07,0.407673180103302,-2.5331974029541e-07
			P: "Lcl Rotation", "Lcl Rotation", "", "A+",-99.0346145629883,27.5123138427734,-6.07029724121094
			P: "Lcl Scaling", "Lcl Scaling", "", "A+",1,0.999999821186066,0.999999821186066
		}
		Shading: Y
		Culling: "CullingOff"
	}
	Model: 1974516313552, "Model::toe.L", "LimbNode" {
		Version: 232
		Properties70:  {
			P: "RotationActive", "bool", "", "",1
			P: "InheritType", "enum", "", "",1
			P: "ScalingMax", "Vector3D", "Vector", "",0,0,0
			P: "DefaultAttributeIndex", "int", "Integer", "",0
			P: "Lcl Translation", "Lcl Translation", "", "A+",-1.49011611938477e-07,0.130335852503777,-3.72529029846191e-08
			P: "Lcl Rotation", "Lcl Rotation", "", "A+",-141.940521240234,-0.03717041015625,-177.988845825195
			P: "Lcl Scaling", "Lcl Scaling", "", "A+",0.999999821186066,0.999999821186066,1
		}
		Shading: Y
		Culling: "CullingOff"
	}
	Model: 1974516315552, "Model::thigh.R", "LimbNode" {
		Version: 232
		Properties70:  {
			P: "RotationActive", "bool", "", "",1
			P: "InheritType", "enum", "", "",1
			P: "ScalingMax", "Vector3D", "Vector", "",0,0,0
			P: "DefaultAttributeIndex", "int", "Integer", "",0
			P: "Lcl Translation", "Lcl Translation", "", "A+",-0.105214715003967,0.0975490212440491,-0.00724324584007263
			P: "Lcl Rotation", "Lcl Rotation", "", "A+",67.0119247436523,-39.7716789245605,8.80453872680664
			P: "Lcl Scaling", "Lcl Scaling", "", "A+",0.999999821186066,1,1.00000071525574
		}
		Shading: Y
		Culling: "CullingOff"
	}
	Model: 1974516293552, "Model::shin.R", "LimbNode" {
		Version: 232
		Properties70:  {
			P: "RotationActive", "bool", "", "",1
			P: "InheritType", "enum", "", "",1
			P: "ScalingMax", "Vector3D", "Vector", "",0,0,0
			P: "DefaultAttributeIndex", "int", "Integer", "",0
			P: "Lcl Translation", "Lcl Translation", "", "A+",-2.98023223876953e-08,0.39109855890274,-1.19209289550781e-07
			P: "Lcl Rotation", "Lcl Rotation", "", "A+",75.7203826904297,-1.18814396858215,1.57443380355835
			P: "Lcl Scaling", "Lcl Scaling", "", "A+",0.999999821186066,0.999999821186066,0.999999821186066
		}
		Shading: Y
		Culling: "CullingOff"
	}
	Model: 1975316029536, "Model::foot.R", "LimbNode" {
		Version: 232
		Properties70:  {
			P: "RotationActive", "bool", "", "",1
			P: "InheritType", "enum", "", "",1
			P: "ScalingMax", "Vector3D", "Vector", "",0,0,0
			P: "DefaultAttributeIndex", "int", "Integer", "",0
			P: "Lcl Translation", "Lcl Translation", "", "A+",-8.94069671630859e-08,0.407674372196198,-1.19209289550781e-07
			P: "Lcl Rotation", "Lcl Rotation", "", "A+",-79.7822875976562,6.16036987304688,-5.98625183105469
		}
		Shading: Y
		Culling: "CullingOff"
	}
	Model: 1975316039536, "Model::toe.R", "LimbNode" {
		Version: 232
		Properties70:  {
			P: "RotationActive", "bool", "", "",1
			P: "InheritType", "enum", "", "",1
			P: "ScalingMax", "Vector3D", "Vector", "",0,0,0
			P: "DefaultAttributeIndex", "int", "Integer", "",0
			P: "Lcl Translation", "Lcl Translation", "", "A+",-2.60770320892334e-08,0.130336329340935,-4.4703483581543e-08
			P: "Lcl Rotation", "Lcl Rotation", "", "A+",-150.941864013672,-0.293989568948746,177.805694580078
			P: "Lcl Scaling", "Lcl Scaling", "", "A+",0.999999821186066,0.999999701976776,1
		}
		Shading: Y
		Culling: "CullingOff"
	}
	Pose: 1975449410640, "Pose::BindPose", "BindPose" {
		Type: "BindPose"
		Version: 100
		NbPoseNodes: 25
		PoseNode:  {
			Node: 1969982194960
			Matrix: *16 {
				a: 99.9999999999965,0,2.6631610894334e-05,0,2.66316108943338e-05,1.33158054421881e-05,-99.9999999999956,0,-3.54621349281009e-12,99.9999999999991,1.33158054421876e-05,0,0,0,0,1
			} 
		}
		PoseNode:  {
			Node: 1975316039536
			Matrix: *16 {
				a: -0.999253393787443,0.0382879821084637,0.00513106251195663,0,0.0309786954638911,0.873581523782213,-0.485690277530182,0,-0.0230785130688386,-0.485168935875186,-0.874115830937909,0,-2.60770320892334e-08,0.130336329340935,-4.47034836092985e-08,1
			} 
		}
		PoseNode:  {
			Node: 1975316029536
			Matrix: *16 {
				a: 0.988803864214499,-0.103687594693832,-0.107311699367233,0,-0.0865340615784569,0.187435704434797,-0.978457823766445,0,0.121567982220697,0.976788994312302,0.176364640132736,0,-8.94069671769637e-08,0.407674372196198,-1.19209289578537e-07,1
			} 
		}
		PoseNode:  {
			Node: 1974516293552
			Matrix: *16 {
				a: 0.999407372639171,0.0274696833403717,0.0207355343266687,0,-0.0268642652607776,0.246008993401841,0.968895004006923,0,0.0215141148698088,-0.968878028461146,0.246601198696957,0,-2.98023223876953e-08,0.391098558902741,-1.19209289550781e-07,1
			} 
		}
		PoseNode:  {
			Node: 1974516315552
			Matrix: *16 {
				a: 0.759542716565562,0.117645035351431,0.639729747425841,0,-0.641764287585066,0.295794013601745,0.707562365235605,0,-0.105987124899841,-0.947980394194238,0.300168839306795,0,-0.105214715003967,0.097549021244049,-0.00724324584007258,1
			} 
		}
		PoseNode:  {
			Node: 1974516313552
			Matrix: *16 {
				a: -0.999383624939309,-0.035094040863265,0.000648745880032053,0,-0.028031735232141,0.786872024978187,-0.616478937595411,0,0.0211242645976235,-0.616117361166297,-0.787371045133544,0,-1.49011611910721e-07,0.130335852503777,-3.72529029707414e-08,1
			} 
		}
		PoseNode:  {
			Node: 1974516311552
			Matrix: *16 {
				a: 0.881938572218172,-0.0937896408981061,-0.461939236365538,0,-0.470255987656096,-0.10790725179371,-0.875908085050071,0,0.0323045112647037,0.989726817757592,-0.139272707791381,0,-1.49011611938477e-07,0.407673180103302,-2.5331974029541e-07,1
			} 
		}
		PoseNode:  {
			Node: 1974516285552
			Matrix: *16 {
				a: 0.999261058824035,-0.0346543683265462,-0.0166256149888409,0,0.0343550018115998,0.611314349109048,0.790641601989214,0,-0.0172357113661692,-0.790628678762558,0.612053284095327,0,-5.55111512312578e-17,0.391098529100418,3.87430191067795e-07,1
			} 
		}
		PoseNode:  {
			Node: 1974516289552
			Matrix: *16 {
				a: 0.985541183766217,-0.117418103037719,0.12215483043376,0,-0.165232663030793,-0.506422512528875,0.846306471847101,0,-0.0375099545279464,-0.854258636271438,-0.518504453415272,0,0.105214715003967,0.0975488722324371,-0.00724309682846075,1
			} 
		}
		PoseNode:  {
			Node: 1974516301552
			Matrix: *16 {
				a: -0.232990826899385,0.0703894564788083,-0.969928264056653,0,-0.693662744049069,0.686998135416584,0.216484547837604,0,0.681577057302798,0.723241928770754,-0.111237706855265,0,0,0.00805620010942221,-0.0206966008991003,1
			} 
		}
		PoseNode:  {
			Node: 1974516307552
			Matrix: *16 {
				a: -0.232992014595565,-0.0703895444451905,0.969927972370161,0,0.693661858100815,0.686998944235831,0.216485370530137,0,-0.681577637112985,0.723241229714369,-0.111238699330437,0,0,0.00805620010942221,-0.0206966008991003,1
			} 
		}
		PoseNode:  {
			Node: 1974516305552
			Matrix: *16 {
				a: 0.86891224724688,-0.0534290228063,-0.492073661638686,0,0.154141764950653,0.973929586905807,0.166437604066457,0,0.470352639639494,-0.220468840971316,0.854495244552899,0,1.78813934326172e-07,0.242479622364044,2.98023223876953e-08,1
			} 
		}
		PoseNode:  {
			Node: 1974516303552
			Matrix: *16 {
				a: 0.966841780081477,-0.130499752532875,-0.219514075288812,0,0.139104186696594,-0.451741955774065,0.881237126435936,0,-0.214164982909258,-0.88255235672137,-0.418610009571195,0,5.96046447753906e-08,0.197035670280457,-5.96046447753906e-08,1
			} 
		}
		PoseNode:  {
			Node: 1974516297552
			Matrix: *16 {
				a: 0.735072811070091,0.553374415023754,0.39171974879344,0,-0.381994334798637,0.815369255124026,-0.435032534392818,0,-0.560132114027004,0.170145863095236,0.810741661985728,0,0.00921779870986927,0.178763464093208,-0.0196846723556519,1
			} 
		}
		PoseNode:  {
			Node: 1974516309552
			Matrix: *16 {
				a: -0.0654631035332373,0.20882721965783,-0.975759076004818,0,-0.9892445978967,0.114601824972866,0.0908943654121504,0,0.130804972862404,0.971214506262215,0.199078984074935,0,-0.0271403789520264,0.190253794193268,0.00413656234741222,1
			} 
		}
		PoseNode:  {
			Node: 1974516299552
			Matrix: *16 {
				a: 0.975970434818185,-0.215379959746884,-0.033057913914783,0,0.21760239990528,0.955391084300846,0.199692442505758,0,-0.0114265140088783,-0.202087401345968,0.979300648098939,0,-5.96046447753906e-08,0.242479667067528,5.96046447753906e-08,1
			} 
		}
		PoseNode:  {
			Node: 1974516287552
			Matrix: *16 {
				a: 0.959288163583583,0.0909985439184684,0.267367025987348,0,-0.0969977066214918,-0.782937208544719,0.61449199731041,0,0.265249564848864,-0.615409108071121,-0.742236012364394,0,-1.19209289439759e-07,0.197035819292069,-5.96046447753906e-08,1
			} 
		}
		PoseNode:  {
			Node: 1974516295552
			Matrix: *16 {
				a: -0.162847629920723,-0.876504679898418,-0.453012356945563,0,0.177061144638773,0.425725879104496,-0.887359267316274,0,0.970633634459796,-0.224715240026934,0.0858664714959713,0,-0.00921797752380371,0.178763657808304,-0.0196846723556519,1
			} 
		}
		PoseNode:  {
			Node: 1974516291552
			Matrix: *16 {
				a: -0.125312963487192,-0.19147070142851,0.973465599828106,0,0.990221014919825,-0.0847713644578124,0.11079620819899,0,0.0613077904133787,0.977830470293598,0.20022129899737,0,0.0271404087543487,0.190253734588623,0.00413656234741222,1
			} 
		}
		PoseNode:  {
			Node: 1970475024096
			Matrix: *16 {
				a: 0.899127547185865,0.194668591531033,0.39201249133523,0,0.133490866698385,0.731006149022081,-0.669185953956136,0,-0.416833103324077,0.654013729563515,0.631281399627488,0,2.08616256713867e-07,0.117625653743744,1.19209289550781e-07,1
			} 
		}
		PoseNode:  {
			Node: 1969986353376
			Matrix: *16 {
				a: 0.982684441012377,-0.0693784789105615,0.171807788112904,0,0.0359978050930087,0.981070653509645,0.190274882343,0,-0.181756528373211,-0.18079543079523,0.966580166861212,0,2.98023223876953e-08,0.184120118618011,-1.78813934326172e-07,1
			} 
		}
		PoseNode:  {
			Node: 1969986339376
			Matrix: *16 {
				a: 0.995427374643003,0.0923121182931182,0.0245522835511478,0,-0.0954383621363509,0.971862218729312,0.215348529624498,0,-0.00398215782594388,-0.216707051206174,0.976228374279675,0,-8.94069671630859e-08,0.13540518283844,2.98023223876953e-08,1
			} 
		}
		PoseNode:  {
			Node: 1969995553536
			Matrix: *16 {
				a: 1,-1.11022302462516e-16,1.11022302462516e-16,0,1.11022302462516e-16,0.975782354386119,-0.218743678465648,0,-1.11022302462516e-16,0.218743678465648,0.975782354386119,0,0,0.126452401280403,-1.11022302462516e-16,1
			} 
		}
		PoseNode:  {
			Node: 1969995559536
			Matrix: *16 {
				a: 0.970912853120512,0.239043544460957,0.0136534060559784,0,-0.238978834091785,0.96398274161999,0.116730600474348,0,0.0147420530756248,-0.116598150162612,0.993069877535496,0,0,0.156536370515823,5.96046447753906e-08,1
			} 
		}
		PoseNode:  {
			Node: 1969982196960
			Matrix: *16 {
				a: 0.753037248483975,0.522075164623781,0.400465260514237,0,0.192525901921367,-0.75682312013103,0.624621919183515,0,0.629180959251826,-0.393263635896055,-0.670428991912468,0,0.0129566043615341,0.0734051987528801,0.651661813259125,1
			} 
		}
	}
	AnimationStack: 1970663367184, "AnimStack::cross-low-followthrough", "" {
	}
	AnimationCurve: 1970497840432, "AnimCurve::", "" {
		Default: 0
		KeyVer: 4009
		KeyTime: *3 {
			a: 0,9237231600,21553540400
		} 
		KeyValueFloat: *3 {
			a: 0,0,0
		} 
		;KeyAttrFlags: Cubic|TangeantAuto|GenericTimeIndependent, Cubic|TangeantAuto|GenericTimeIndependent, Cubic|TangeantAuto|GenericTimeIndependent
		KeyAttrFlags: *3 {
			a: 8456,8456,8456
		} 
		;KeyAttrDataFloat: RightAuto:0, NextLeftAuto:0; RightAuto:0, NextLeftAuto:0; RightAuto:0, NextLeftAuto:0
		KeyAttrDataFloat: *12 {
			a: 0,0,218434821,0,0,0,218434821,0,0,0,218434821,0
		} 
		KeyAttrRefCount: *3 {
			a: 1,1,1
		} 
	}
	AnimationCurve: 1970497841712, "AnimCurve::", "" {
		Default: 0
		KeyVer: 4009
		KeyTime: *3 {
			a: 0,9237231600,21553540400
		} 
		KeyValueFloat: *3 {
			a: 0,0,0
		} 
		;KeyAttrFlags: Cubic|TangeantAuto|GenericTimeIndependent, Cubic|TangeantAuto|GenericTimeIndependent, Cubic|TangeantAuto|GenericTimeIndependent
		KeyAttrFlags: *3 {
			a: 8456,8456,8456
		} 
		;KeyAttrDataFloat: RightAuto:0, NextLeftAuto:0; RightAuto:0, NextLeftAuto:0; RightAuto:0, NextLeftAuto:0
		KeyAttrDataFloat: *12 {
			a: 0,0,218434821,0,0,0,218434821,0,0,0,218434821,0
		} 
		KeyAttrRefCount: *3 {
			a: 1,1,1
		} 
	}
	AnimationCurve: 1970497842832, "AnimCurve::", "" {
		Default: 0
		KeyVer: 4009
		KeyTime: *3 {
			a: 0,9237231600,21553540400
		} 
		KeyValueFloat: *3 {
			a: 0,0,0
		} 
		;KeyAttrFlags: Cubic|TangeantAuto|GenericTimeIndependent, Cubic|TangeantAuto|GenericTimeIndependent, Cubic|TangeantAuto|GenericTimeIndependent
		KeyAttrFlags: *3 {
			a: 8456,8456,8456
		} 
		;KeyAttrDataFloat: RightAuto:0, NextLeftAuto:0; RightAuto:0, NextLeftAuto:0; RightAuto:0, NextLeftAuto:0
		KeyAttrDataFloat: *12 {
			a: 0,0,218434821,0,0,0,218434821,0,0,0,218434821,0
		} 
		KeyAttrRefCount: *3 {
			a: 1,1,1
		} 
	}
	AnimationCurve: 1970497842512, "AnimCurve::", "" {
		Default: -89.9999847412109
		KeyVer: 4009
		KeyTime: *3 {
			a: 0,9237231600,21553540400
		} 
		KeyValueFloat: *3 {
			a: -89.99998,-89.99998,-89.99998
		} 
		;KeyAttrFlags: Cubic|TangeantAuto|GenericTimeIndependent, Cubic|TangeantAuto|GenericTimeIndependent, Cubic|TangeantAuto|GenericTimeIndependent
		KeyAttrFlags: *3 {
			a: 8456,8456,8456
		} 
		;KeyAttrDataFloat: RightAuto:0, NextLeftAuto:0; RightAuto:0, NextLeftAuto:0; RightAuto:0, NextLeftAuto:0
		KeyAttrDataFloat: *12 {
			a: 0,0,218434821,0,0,0,218434821,0,0,0,218434821,0
		} 
		KeyAttrRefCount: *3 {
			a: 1,1,1
		} 
	}
	AnimationCurve: 1970497850352, "AnimCurve::", "" {
		Default: 89.9999847412109
		KeyVer: 4009
		KeyTime: *3 {
			a: 0,9237231600,21553540400
		} 
		KeyValueFloat: *3 {
			a: 89.99998,89.99998,89.99998
		} 
		;KeyAttrFlags: Cubic|TangeantAuto|GenericTimeIndependent, Cubic|TangeantAuto|GenericTimeIndependent, Cubic|TangeantAuto|GenericTimeIndependent
		KeyAttrFlags: *3 {
			a: 8456,8456,8456
		} 
		;KeyAttrDataFloat: RightAuto:0, NextLeftAuto:0; RightAuto:0, NextLeftAuto:0; RightAuto:0, NextLeftAuto:0
		KeyAttrDataFloat: *12 {
			a: 0,0,218434821,0,0,0,218434821,0,0,0,218434821,0
		} 
		KeyAttrRefCount: *3 {
			a: 1,1,1
		} 
	}
	AnimationCurve: 1970497855472, "AnimCurve::", "" {
		Default: 0
		KeyVer: 4009
		KeyTime: *3 {
			a: 0,9237231600,21553540400
		} 
		KeyValueFloat: *3 {
			a: 0,0,0
		} 
		;KeyAttrFlags: Cubic|TangeantAuto|GenericTimeIndependent, Cubic|TangeantAuto|GenericTimeIndependent, Cubic|TangeantAuto|GenericTimeIndependent
		KeyAttrFlags: *3 {
			a: 8456,8456,8456
		} 
		;KeyAttrDataFloat: RightAuto:0, NextLeftAuto:0; RightAuto:0, NextLeftAuto:0; RightAuto:0, NextLeftAuto:0
		KeyAttrDataFloat: *12 {
			a: 0,0,218434821,0,0,0,218434821,0,0,0,218434821,0
		} 
		KeyAttrRefCount: *3 {
			a: 1,1,1
		} 
	}
	AnimationCurve: 1970497853232, "AnimCurve::", "" {
		Default: 100
		KeyVer: 4009
		KeyTime: *3 {
			a: 0,9237231600,21553540400
		} 
		KeyValueFloat: *3 {
			a: 100,100,100
		} 
		;KeyAttrFlags: Cubic|TangeantAuto|GenericTimeIndependent, Cubic|TangeantAuto|GenericTimeIndependent, Cubic|TangeantAuto|GenericTimeIndependent
		KeyAttrFlags: *3 {
			a: 8456,8456,8456
		} 
		;KeyAttrDataFloat: RightAuto:0, NextLeftAuto:0; RightAuto:0, NextLeftAuto:0; RightAuto:0, NextLeftAuto:0
		KeyAttrDataFloat: *12 {
			a: 0,0,218434821,0,0,0,218434821,0,0,0,218434821,0
		} 
		KeyAttrRefCount: *3 {
			a: 1,1,1
		} 
	}
	AnimationCurve: 1970497859152, "AnimCurve::", "" {
		Default: 100
		KeyVer: 4009
		KeyTime: *3 {
			a: 0,9237231600,21553540400
		} 
		KeyValueFloat: *3 {
			a: 100,100,100
		} 
		;KeyAttrFlags: Cubic|TangeantAuto|GenericTimeIndependent, Cubic|TangeantAuto|GenericTimeIndependent, Cubic|TangeantAuto|GenericTimeIndependent
		KeyAttrFlags: *3 {
			a: 8456,8456,8456
		} 
		;KeyAttrDataFloat: RightAuto:0, NextLeftAuto:0; RightAuto:0, NextLeftAuto:0; RightAuto:0, NextLeftAuto:0
		KeyAttrDataFloat: *12 {
			a: 0,0,218434821,0,0,0,218434821,0,0,0,218434821,0
		} 
		KeyAttrRefCount: *3 {
			a: 1,1,1
		} 
	}
	AnimationCurve: 1970497853872, "AnimCurve::", "" {
		Default: 100
		KeyVer: 4009
		KeyTime: *3 {
			a: 0,9237231600,21553540400
		} 
		KeyValueFloat: *3 {
			a: 100,100,100
		} 
