; FBX 7.7.0 project file
; ----------------------------------------------------

FBXHeaderExtension:  {
	FBXHeaderVersion: 1004
	FBXVersion: 7700
	CreationTimeStamp:  {
		Version: 1000
		Year: 2023
		Month: 1
		Day: 31
		Hour: 13
		Minute: 49
		Second: 24
		Millisecond: 495
	}
	Creator: "FBX SDK/FBX Plugins version 2020.2"
	OtherFlags:  {
		TCDefinition: 127
	}
	SceneInfo: "SceneInfo::GlobalInfo", "UserData" {
		Type: "UserData"
		Version: 100
		MetaData:  {
			Version: 100
			Title: ""
			Subject: ""
			Author: ""
			Keywords: ""
			Revision: ""
			Comment: ""
		}
		Properties70:  {
			P: "DocumentUrl", "KString", "Url", "", "C:\Users\patri\Documents\work-folder\game-dev\Unity\uppercut-city\Assets\Characters\Common\BoxerAnimations\default-stance.fbx"
			P: "SrcDocumentUrl", "KString", "Url", "", "C:\Users\patri\Documents\work-folder\game-dev\Unity\uppercut-city\Assets\Characters\Common\BoxerAnimations\default-stance.fbx"
			P: "Original", "Compound", "", ""
			P: "Original|ApplicationVendor", "KString", "", "", ""
			P: "Original|ApplicationName", "KString", "", "", ""
			P: "Original|ApplicationVersion", "KString", "", "", ""
			P: "Original|DateTime_GMT", "DateTime", "", "", ""
			P: "Original|FileName", "KString", "", "", ""
			P: "LastSaved", "Compound", "", ""
			P: "LastSaved|ApplicationVendor", "KString", "", "", ""
			P: "LastSaved|ApplicationName", "KString", "", "", ""
			P: "LastSaved|ApplicationVersion", "KString", "", "", ""
			P: "LastSaved|DateTime_GMT", "DateTime", "", "", ""
		}
	}
}
GlobalSettings:  {
	Version: 1000
	Properties70:  {
		P: "UpAxis", "int", "Integer", "",1
		P: "UpAxisSign", "int", "Integer", "",1
		P: "FrontAxis", "int", "Integer", "",2
		P: "FrontAxisSign", "int", "Integer", "",1
		P: "CoordAxis", "int", "Integer", "",0
		P: "CoordAxisSign", "int", "Integer", "",1
		P: "OriginalUpAxis", "int", "Integer", "",-1
		P: "OriginalUpAxisSign", "int", "Integer", "",1
		P: "UnitScaleFactor", "double", "Number", "",1
		P: "OriginalUnitScaleFactor", "double", "Number", "",1
		P: "AmbientColor", "ColorRGB", "Color", "",0,0,0
		P: "DefaultCamera", "KString", "", "", "Producer Perspective"
		P: "TimeMode", "enum", "", "",6
		P: "TimeProtocol", "enum", "", "",2
		P: "SnapOnFrameMode", "enum", "", "",0
		P: "TimeSpanStart", "KTime", "Time", "",0
		P: "TimeSpanStop", "KTime", "Time", "",46186158000
		P: "CustomFrameRate", "double", "Number", "",-1
		P: "TimeMarker", "Compound", "", ""
		P: "CurrentTimeMarker", "int", "Integer", "",-1
	}
}

; Documents Description
;------------------------------------------------------------------

Documents:  {
	Count: 1
	Document: 1627734718704, "myScene", "Scene" {
		Properties70:  {
			P: "SourceObject", "object", "", ""
			P: "ActiveAnimStackName", "KString", "", "", ""
		}
		RootNode: 0
	}
}

; Document References
;------------------------------------------------------------------

References:  {
}

; Object definitions
;------------------------------------------------------------------

Definitions:  {
	Version: 100
	Count: 354
	ObjectType: "GlobalSettings" {
		Count: 1
	}
	ObjectType: "NodeAttribute" {
		Count: 25
		PropertyTemplate: "FbxNull" {
			Properties70:  {
				P: "Color", "ColorRGB", "Color", "",0.8,0.8,0.8
				P: "Size", "double", "Number", "",100
				P: "Look", "enum", "", "",1
			}
		}
	}
	ObjectType: "Model" {
		Count: 25
		PropertyTemplate: "FbxNode" {
			Properties70:  {
				P: "QuaternionInterpolate", "enum", "", "",0
				P: "RotationOffset", "Vector3D", "Vector", "",0,0,0
				P: "RotationPivot", "Vector3D", "Vector", "",0,0,0
				P: "ScalingOffset", "Vector3D", "Vector", "",0,0,0
				P: "ScalingPivot", "Vector3D", "Vector", "",0,0,0
				P: "TranslationActive", "bool", "", "",0
				P: "TranslationMin", "Vector3D", "Vector", "",0,0,0
				P: "TranslationMax", "Vector3D", "Vector", "",0,0,0
				P: "TranslationMinX", "bool", "", "",0
				P: "TranslationMinY", "bool", "", "",0
				P: "TranslationMinZ", "bool", "", "",0
				P: "TranslationMaxX", "bool", "", "",0
				P: "TranslationMaxY", "bool", "", "",0
				P: "TranslationMaxZ", "bool", "", "",0
				P: "RotationOrder", "enum", "", "",0
				P: "RotationSpaceForLimitOnly", "bool", "", "",0
				P: "RotationStiffnessX", "double", "Number", "",0
				P: "RotationStiffnessY", "double", "Number", "",0
				P: "RotationStiffnessZ", "double", "Number", "",0
				P: "AxisLen", "double", "Number", "",10
				P: "PreRotation", "Vector3D", "Vector", "",0,0,0
				P: "PostRotation", "Vector3D", "Vector", "",0,0,0
				P: "RotationActive", "bool", "", "",0
				P: "RotationMin", "Vector3D", "Vector", "",0,0,0
				P: "RotationMax", "Vector3D", "Vector", "",0,0,0
				P: "RotationMinX", "bool", "", "",0
				P: "RotationMinY", "bool", "", "",0
				P: "RotationMinZ", "bool", "", "",0
				P: "RotationMaxX", "bool", "", "",0
				P: "RotationMaxY", "bool", "", "",0
				P: "RotationMaxZ", "bool", "", "",0
				P: "InheritType", "enum", "", "",0
				P: "ScalingActive", "bool", "", "",0
				P: "ScalingMin", "Vector3D", "Vector", "",0,0,0
				P: "ScalingMax", "Vector3D", "Vector", "",1,1,1
				P: "ScalingMinX", "bool", "", "",0
				P: "ScalingMinY", "bool", "", "",0
				P: "ScalingMinZ", "bool", "", "",0
				P: "ScalingMaxX", "bool", "", "",0
				P: "ScalingMaxY", "bool", "", "",0
				P: "ScalingMaxZ", "bool", "", "",0
				P: "GeometricTranslation", "Vector3D", "Vector", "",0,0,0
				P: "GeometricRotation", "Vector3D", "Vector", "",0,0,0
				P: "GeometricScaling", "Vector3D", "Vector", "",1,1,1
				P: "MinDampRangeX", "double", "Number", "",0
				P: "MinDampRangeY", "double", "Number", "",0
				P: "MinDampRangeZ", "double", "Number", "",0
				P: "MaxDampRangeX", "double", "Number", "",0
				P: "MaxDampRangeY", "double", "Number", "",0
				P: "MaxDampRangeZ", "double", "Number", "",0
				P: "MinDampStrengthX", "double", "Number", "",0
				P: "MinDampStrengthY", "double", "Number", "",0
				P: "MinDampStrengthZ", "double", "Number", "",0
				P: "MaxDampStrengthX", "double", "Number", "",0
				P: "MaxDampStrengthY", "double", "Number", "",0
				P: "MaxDampStrengthZ", "double", "Number", "",0
				P: "PreferedAngleX", "double", "Number", "",0
				P: "PreferedAngleY", "double", "Number", "",0
				P: "PreferedAngleZ", "double", "Number", "",0
				P: "LookAtProperty", "object", "", ""
				P: "UpVectorProperty", "object", "", ""
				P: "Show", "bool", "", "",1
				P: "NegativePercentShapeSupport", "bool", "", "",1
				P: "DefaultAttributeIndex", "int", "Integer", "",-1
				P: "Freeze", "bool", "", "",0
				P: "LODBox", "bool", "", "",0
				P: "Lcl Translation", "Lcl Translation", "", "A",0,0,0
				P: "Lcl Rotation", "Lcl Rotation", "", "A",0,0,0
				P: "Lcl Scaling", "Lcl Scaling", "", "A",1,1,1
				P: "Visibility", "Visibility", "", "A",1
				P: "Visibility Inheritance", "Visibility Inheritance", "", "",1
			}
		}
	}
	ObjectType: "Pose" {
		Count: 1
	}
	ObjectType: "AnimationStack" {
		Count: 1
		PropertyTemplate: "FbxAnimStack" {
			Properties70:  {
				P: "Description", "KString", "", "", ""
				P: "LocalStart", "KTime", "Time", "",0
				P: "LocalStop", "KTime", "Time", "",0
				P: "ReferenceStart", "KTime", "Time", "",0
				P: "ReferenceStop", "KTime", "Time", "",0
			}
		}
	}
	ObjectType: "AnimationLayer" {
		Count: 1
		PropertyTemplate: "FbxAnimLayer" {
			Properties70:  {
				P: "Weight", "Number", "", "A",100
				P: "Mute", "bool", "", "",0
				P: "Solo", "bool", "", "",0
				P: "Lock", "bool", "", "",0
				P: "Color", "ColorRGB", "Color", "",0.8,0.8,0.8
				P: "BlendMode", "enum", "", "",0
				P: "RotationAccumulationMode", "enum", "", "",0
				P: "ScaleAccumulationMode", "enum", "", "",0
				P: "BlendModeBypass", "ULongLong", "", "",0
			}
		}
	}
	ObjectType: "AnimationCurveNode" {
		Count: 75
		PropertyTemplate: "FbxAnimCurveNode" {
			Properties70:  {
				P: "d", "Compound", "", ""
			}
		}
	}
	ObjectType: "AnimationCurve" {
		Count: 225
	}
}

; Object properties
;------------------------------------------------------------------

Objects:  {
	NodeAttribute: 1628515624656, "NodeAttribute::", "Null" {
		TypeFlags: "Null"
	}
	NodeAttribute: 1627744548688, "NodeAttribute::spine", "LimbNode" {
		Properties70:  {
			P: "Size", "double", "Number", "",3.28587698936462
		}
		TypeFlags: "Skeleton"
	}
	NodeAttribute: 1627744550032, "NodeAttribute::spine.001", "LimbNode" {
		Properties70:  {
			P: "Size", "double", "Number", "",2.95710468292236
		}
		TypeFlags: "Skeleton"
	}
	NodeAttribute: 1627744550416, "NodeAttribute::spine.002", "LimbNode" {
		Properties70:  {
			P: "Size", "double", "Number", "",2.50252175331116
		}
		TypeFlags: "Skeleton"
	}
	NodeAttribute: 1627744540432, "NodeAttribute::spine.003", "LimbNode" {
		Properties70:  {
			P: "Size", "double", "Number", "",3.05492115020752
		}
		TypeFlags: "Skeleton"
	}
	NodeAttribute: 1627744543504, "NodeAttribute::spine.004", "LimbNode" {
		Properties70:  {
			P: "Size", "double", "Number", "",5.68054151535034
		}
		TypeFlags: "Skeleton"
	}
	NodeAttribute: 1627744543696, "NodeAttribute::spine.005", "LimbNode" {
		Properties70:  {
			P: "Size", "double", "Number", "",6.89283752441406
		}
		TypeFlags: "Skeleton"
	}
	NodeAttribute: 1627744545808, "NodeAttribute::shoulder.L", "LimbNode" {
		Properties70:  {
			P: "Size", "double", "Number", "",3.00270175933838
		}
		TypeFlags: "Skeleton"
	}
	NodeAttribute: 1627744560592, "NodeAttribute::upper_arm.L", "LimbNode" {
		Properties70:  {
			P: "Size", "double", "Number", "",2.34677624702454
		}
		TypeFlags: "Skeleton"
	}
	NodeAttribute: 1627744557712, "NodeAttribute::forearm.L", "LimbNode" {
		Properties70:  {
			P: "Size", "double", "Number", "",3.18843913078308
		}
		TypeFlags: "Skeleton"
	}
	NodeAttribute: 1627744561360, "NodeAttribute::hand.L", "LimbNode" {
		Properties70:  {
			P: "Size", "double", "Number", "",5.47286701202393
		}
		TypeFlags: "Skeleton"
	}
	NodeAttribute: 1627744561936, "NodeAttribute::shoulder.R", "LimbNode" {
		Properties70:  {
			P: "Size", "double", "Number", "",3.00359797477722
		}
		TypeFlags: "Skeleton"
	}
	NodeAttribute: 1627744573456, "NodeAttribute::upper_arm.R", "LimbNode" {
		Properties70:  {
			P: "Size", "double", "Number", "",2.34828996658325
		}
		TypeFlags: "Skeleton"
	}
	NodeAttribute: 1627744566352, "NodeAttribute::forearm.R", "LimbNode" {
		Properties70:  {
			P: "Size", "double", "Number", "",3.13255071640015
		}
		TypeFlags: "Skeleton"
	}
	NodeAttribute: 1627744565584, "NodeAttribute::hand.R", "LimbNode" {
		Properties70:  {
			P: "Size", "double", "Number", "",5.54159164428711
		}
		TypeFlags: "Skeleton"
	}
	NodeAttribute: 1627744568848, "NodeAttribute::pelvis.L", "LimbNode" {
		Properties70:  {
			P: "Size", "double", "Number", "",3.16468071937561
		}
		TypeFlags: "Skeleton"
	}
	NodeAttribute: 1627744570000, "NodeAttribute::pelvis.R", "LimbNode" {
		Properties70:  {
			P: "Size", "double", "Number", "",3.1727466583252
		}
		TypeFlags: "Skeleton"
	}
	NodeAttribute: 1627744570384, "NodeAttribute::thigh.L", "LimbNode" {
		Properties70:  {
			P: "Size", "double", "Number", "",2.33007216453552
		}
		TypeFlags: "Skeleton"
	}
	NodeAttribute: 1627744570576, "NodeAttribute::shin.L", "LimbNode" {
		Properties70:  {
			P: "Size", "double", "Number", "",2.86792755126953
		}
		TypeFlags: "Skeleton"
	}
	NodeAttribute: 1627744575184, "NodeAttribute::foot.L", "LimbNode" {
		Properties70:  {
			P: "Size", "double", "Number", "",3.22272825241089
		}
		TypeFlags: "Skeleton"
	}
	NodeAttribute: 1627744563856, "NodeAttribute::toe.L", "LimbNode" {
		Properties70:  {
			P: "Size", "double", "Number", "",2.65555262565613
		}
		TypeFlags: "Skeleton"
	}
	NodeAttribute: 1627744570960, "NodeAttribute::thigh.R", "LimbNode" {
		Properties70:  {
			P: "Size", "double", "Number", "",2.33012890815735
		}
		TypeFlags: "Skeleton"
	}
	NodeAttribute: 1627744571536, "NodeAttribute::shin.R", "LimbNode" {
		Properties70:  {
			P: "Size", "double", "Number", "",2.86725783348083
		}
		TypeFlags: "Skeleton"
	}
	NodeAttribute: 1627744571728, "NodeAttribute::foot.R", "LimbNode" {
		Properties70:  {
			P: "Size", "double", "Number", "",3.22272825241089
		}
		TypeFlags: "Skeleton"
	}
	NodeAttribute: 1627744565968, "NodeAttribute::toe.R", "LimbNode" {
		Properties70:  {
			P: "Size", "double", "Number", "",2.65555262565613
		}
		TypeFlags: "Skeleton"
	}
	Model: 1628536535088, "Model::metarig", "Null" {
		Version: 232
		Properties70:  {
			P: "PreRotation", "Vector3D", "Vector", "",-0,-90,0
			P: "RotationActive", "bool", "", "",1
			P: "InheritType", "enum", "", "",1
			P: "ScalingMax", "Vector3D", "Vector", "",0,0,0
			P: "DefaultAttributeIndex", "int", "Integer", "",0
			P: "Lcl Rotation", "Lcl Rotation", "", "A+",-89.9999923706055,89.9999847412109,0
			P: "Lcl Scaling", "Lcl Scaling", "", "A+",100,100,100
		}
		Shading: Y
		Culling: "CullingOff"
	}
	Model: 1628536561088, "Model::spine", "LimbNode" {
		Version: 232
		Properties70:  {
			P: "RotationActive", "bool", "", "",1
			P: "InheritType", "enum", "", "",1
			P: "ScalingMax", "Vector3D", "Vector", "",0,0,0
			P: "DefaultAttributeIndex", "int", "Integer", "",0
			P: "Lcl Translation", "Lcl Translation", "", "A+",-0.00301553751341999,0.00674345949664712,0.766634821891785
			P: "Lcl Rotation", "Lcl Rotation", "", "A+",86.4937973022461,0.06192896515131,0.765157580375671
		}
		Shading: Y
		Culling: "CullingOff"
	}
	Model: 1628536537088, "Model::spine.001", "LimbNode" {
		Version: 232
		Properties70:  {
			P: "RotationActive", "bool", "", "",1
			P: "InheritType", "enum", "", "",1
			P: "ScalingMax", "Vector3D", "Vector", "",0,0,0
			P: "DefaultAttributeIndex", "int", "Integer", "",0
			P: "Lcl Translation", "Lcl Translation", "", "A+",4.42378222942352e-09,0.156536281108856,3.72529029846191e-08
			P: "Lcl Rotation", "Lcl Rotation", "", "A+",8.64316558837891,-0.00492443423718214,0.0117506878450513
			P: "Lcl Scaling", "Lcl Scaling", "", "A+",1,0.999999821186066,1.00000011920929
		}
		Shading: Y
		Culling: "CullingOff"
	}
	Model: 1628536545088, "Model::spine.002", "LimbNode" {
		Version: 232
		Properties70:  {
			P: "RotationActive", "bool", "", "",1
			P: "InheritType", "enum", "", "",1
			P: "ScalingMax", "Vector3D", "Vector", "",0,0,0
			P: "DefaultAttributeIndex", "int", "Integer", "",0
			P: "Lcl Translation", "Lcl Translation", "", "A+",0,0.126452401280403,0
			P: "Lcl Rotation", "Lcl Rotation", "", "A+",-12.63525390625,-7.01670912670559e-15,-7.01670912670559e-15
		}
		Shading: Y
		Culling: "CullingOff"
	}
	Model: 1628536555088, "Model::spine.003", "LimbNode" {
		Version: 232
		Properties70:  {
			P: "RotationActive", "bool", "", "",1
			P: "InheritType", "enum", "", "",1
			P: "ScalingMax", "Vector3D", "Vector", "",0,0,0
			P: "DefaultAttributeIndex", "int", "Integer", "",0
			P: "Lcl Translation", "Lcl Translation", "", "A+",1.37370079755783e-08,0.13540518283844,1.04308128356934e-07
			P: "Lcl Rotation", "Lcl Rotation", "", "A+",5.56114196777344,-0.0075836181640625,-0.0055999755859375
			P: "Lcl Scaling", "Lcl Scaling", "", "A+",1,0.999999821186066,0.999999821186066
		}
		Shading: Y
		Culling: "CullingOff"
	}
	Model: 1628536553088, "Model::spine.004", "LimbNode" {
		Version: 232
		Properties70:  {
			P: "RotationActive", "bool", "", "",1
			P: "InheritType", "enum", "", "",1
			P: "ScalingMax", "Vector3D", "Vector", "",0,0,0
			P: "DefaultAttributeIndex", "int", "Integer", "",0
			P: "Lcl Translation", "Lcl Translation", "", "A+",1.69966369867325e-08,0.184120297431946,-1.49011611938477e-08
			P: "Lcl Rotation", "Lcl Rotation", "", "A+",20.2674713134766,0.0002288818359375,-0.034454345703125
			P: "Lcl Scaling", "Lcl Scaling", "", "A+",1,1,0.999999821186066
		}
		Shading: Y
		Culling: "CullingOff"
	}
	Model: 1628536539088, "Model::spine.005", "LimbNode" {
		Version: 232
		Properties70:  {
			P: "RotationActive", "bool", "", "",1
			P: "InheritType", "enum", "", "",1
			P: "ScalingMax", "Vector3D", "Vector", "",0,0,0
			P: "DefaultAttributeIndex", "int", "Integer", "",0
			P: "Lcl Translation", "Lcl Translation", "", "A+",2.42143869400024e-08,0.117625594139099,8.94069671630859e-08
			P: "Lcl Rotation", "Lcl Rotation", "", "A+",-16.5438270568848,0.0169456508010626,0.0468465201556683
			P: "Lcl Scaling", "Lcl Scaling", "", "A+",1,0.999999821186066,1
		}
		Shading: Y
		Culling: "CullingOff"
	}
	Model: 1628536547088, "Model::shoulder.L", "LimbNode" {
		Version: 232
		Properties70:  {
			P: "RotationActive", "bool", "", "",1
			P: "InheritType", "enum", "", "",1
			P: "ScalingMax", "Vector3D", "Vector", "",0,0,0
			P: "DefaultAttributeIndex", "int", "Integer", "",0
			P: "Lcl Translation", "Lcl Translation", "", "A+",0.0271403882652521,0.190254211425781,0.00413665175437927
			P: "Lcl Rotation", "Lcl Rotation", "", "A+",0.695968627929688,-71.1714630126953,-97.4558181762695
			P: "Lcl Scaling", "Lcl Scaling", "", "A+",0.999999821186066,0.999999821186066,0.999999821186066
		}
		Shading: Y
		Culling: "CullingOff"
	}
	Model: 1628536557088, "Model::upper_arm.L", "LimbNode" {
		Version: 232
		Properties70:  {
			P: "RotationActive", "bool", "", "",1
			P: "InheritType", "enum", "", "",1
			P: "ScalingMax", "Vector3D", "Vector", "",0,0,0
			P: "DefaultAttributeIndex", "int", "Integer", "",0
			P: "Lcl Translation", "Lcl Translation", "", "A+",-0.00921779870986938,0.178763628005981,-0.0196847915649414
			P: "Lcl Rotation", "Lcl Rotation", "", "A+",-105.07462310791,29.3615875244141,-121.117729187012
			P: "Lcl Scaling", "Lcl Scaling", "", "A+",1,0.999999821186066,0.999999821186066
		}
		Shading: Y
		Culling: "CullingOff"
	}
	Model: 1628536559088, "Model::forearm.L", "LimbNode" {
		Version: 232
		Properties70:  {
			P: "RotationActive", "bool", "", "",1
			P: "InheritType", "enum", "", "",1
			P: "ScalingMax", "Vector3D", "Vector", "",0,0,0
			P: "DefaultAttributeIndex", "int", "Integer", "",0
			P: "Lcl Translation", "Lcl Translation", "", "A+",8.94069671630859e-08,0.197035849094391,0
			P: "Lcl Rotation", "Lcl Rotation", "", "A+",45.6017189025879,-3.11358308792114,6.07362604141235
			P: "Lcl Scaling", "Lcl Scaling", "", "A+",0.999999821186066,0.999999821186066,1
		}
		Shading: Y
		Culling: "CullingOff"
	}
	Model: 1628536563088, "Model::hand.L", "LimbNode" {
		Version: 232
		Properties70:  {
			P: "RotationActive", "bool", "", "",1
			P: "InheritType", "enum", "", "",1
			P: "ScalingMax", "Vector3D", "Vector", "",0,0,0
			P: "DefaultAttributeIndex", "int", "Integer", "",0
			P: "Lcl Translation", "Lcl Translation", "", "A+",-5.96046447753906e-08,0.242479860782623,-5.96046447753906e-08
			P: "Lcl Rotation", "Lcl Rotation", "", "A+",9.3341064453125,-1.54586791992188,-9.030029296875
			P: "Lcl Scaling", "Lcl Scaling", "", "A+",0.999999821186066,1,0.999999821186066
		}
		Shading: Y
		Culling: "CullingOff"
	}
	Model: 1628536541088, "Model::shoulder.R", "LimbNode" {
		Version: 232
		Properties70:  {
			P: "RotationActive", "bool", "", "",1
			P: "InheritType", "enum", "", "",1
			P: "ScalingMax", "Vector3D", "Vector", "",0,0,0
			P: "DefaultAttributeIndex", "int", "Integer", "",0
			P: "Lcl Translation", "Lcl Translation", "", "A+",-0.0271403677761555,0.190254092216492,0.00413662940263748
			P: "Lcl Rotation", "Lcl Rotation", "", "A+",0.18053925037384,71.2588806152344,97.0144577026367
			P: "Lcl Scaling", "Lcl Scaling", "", "A+",1,1.00000011920929,1
		}
		Shading: Y
		Culling: "CullingOff"
	}
	Model: 1628536543088, "Model::upper_arm.R", "LimbNode" {
		Version: 232
		Properties70:  {
			P: "RotationActive", "bool", "", "",1
			P: "InheritType", "enum", "", "",1
			P: "ScalingMax", "Vector3D", "Vector", "",0,0,0
			P: "DefaultAttributeIndex", "int", "Integer", "",0
			P: "Lcl Translation", "Lcl Translation", "", "A+",0.00921773910522461,0.178763687610626,-0.0196846723556519
			P: "Lcl Rotation", "Lcl Rotation", "", "A+",-105.624664306641,-28.3121738433838,119.704803466797
			P: "Lcl Scaling", "Lcl Scaling", "", "A+",0.999999821186066,1,0.999999821186066
		}
		Shading: Y
		Culling: "CullingOff"
	}
	Model: 1628536549088, "Model::forearm.R", "LimbNode" {
		Version: 232
		Properties70:  {
			P: "RotationActive", "bool", "", "",1
			P: "InheritType", "enum", "", "",1
			P: "ScalingMax", "Vector3D", "Vector", "",0,0,0
			P: "DefaultAttributeIndex", "int", "Integer", "",0
			P: "Lcl Translation", "Lcl Translation", "", "A+",-5.96046447753906e-08,0.197035849094391,0
			P: "Lcl Rotation", "Lcl Rotation", "", "A+",46.7578582763672,3.23762512207031,-6.19293212890625
			P: "Lcl Scaling", "Lcl Scaling", "", "A+",0.999999821186066,0.999999821186066,0.999999821186066
		}
		Shading: Y
		Culling: "CullingOff"
	}
	Model: 1628536551088, "Model::hand.R", "LimbNode" {
		Version: 232
		Properties70:  {
			P: "RotationActive", "bool", "", "",1
			P: "InheritType", "enum", "", "",1
			P: "ScalingMax", "Vector3D", "Vector", "",0,0,0
			P: "DefaultAttributeIndex", "int", "Integer", "",0
			P: "Lcl Translation", "Lcl Translation", "", "A+",0,0.242479801177979,1.34110450744629e-07
			P: "Lcl Rotation", "Lcl Rotation", "", "A+",8.66750431060791,1.072505235672,7.1319899559021
			P: "Lcl Scaling", "Lcl Scaling", "", "A+",0.999999821186066,1,1.00000011920929
		}
		Shading: Y
		Culling: "CullingOff"
	}
	Model: 1626657245712, "Model::pelvis.L", "LimbNode" {
		Version: 232
		Properties70:  {
			P: "RotationActive", "bool", "", "",1
			P: "InheritType", "enum", "", "",1
			P: "ScalingMax", "Vector3D", "Vector", "",0,0,0
			P: "DefaultAttributeIndex", "int", "Integer", "",0
			P: "Lcl Translation", "Lcl Translation", "", "A+",0,0.00805620010942221,-0.0206966008991003
			P: "Lcl Rotation", "Lcl Rotation", "", "A+",117.19588470459,-75.9131393432617,-163.189834594727
			P: "Lcl Scaling", "Lcl Scaling", "", "A+",1.00000011920929,1.00000011920929,1
		}
		Shading: Y
		Culling: "CullingOff"
	}
	Model: 1626657247712, "Model::pelvis.R", "LimbNode" {
		Version: 232
		Properties70:  {
			P: "RotationActive", "bool", "", "",1
			P: "InheritType", "enum", "", "",1
			P: "ScalingMax", "Vector3D", "Vector", "",0,0,0
			P: "DefaultAttributeIndex", "int", "Integer", "",0
			P: "Lcl Translation", "Lcl Translation", "", "A+",0,0.00805620010942221,-0.0206966008991003
			P: "Lcl Rotation", "Lcl Rotation", "", "A+",117.195762634277,75.9132080078125,163.18977355957
			P: "Lcl Scaling", "Lcl Scaling", "", "A+",1.00000011920929,1,1
		}
		Shading: Y
		Culling: "CullingOff"
	}
	Model: 1626657239712, "Model::thigh.L", "LimbNode" {
		Version: 232
		Properties70:  {
			P: "RotationActive", "bool", "", "",1
			P: "InheritType", "enum", "", "",1
			P: "ScalingMax", "Vector3D", "Vector", "",0,0,0
			P: "DefaultAttributeIndex", "int", "Integer", "",0
			P: "Lcl Translation", "Lcl Translation", "", "A+",0.105214715003967,0.0975488424301147,-0.00724314153194427
			P: "Lcl Rotation", "Lcl Rotation", "", "A+",173.559158325195,10.0983810424805,2.84346914291382
			P: "Lcl Scaling", "Lcl Scaling", "", "A+",1.00000011920929,1.00000011920929,1.00000584125519
		}
		Shading: Y
		Culling: "CullingOff"
	}
	Model: 1626657241712, "Model::shin.L", "LimbNode" {
		Version: 232
		Properties70:  {
			P: "RotationActive", "bool", "", "",1
			P: "InheritType", "enum", "", "",1
			P: "ScalingMax", "Vector3D", "Vector", "",0,0,0
			P: "DefaultAttributeIndex", "int", "Integer", "",0
			P: "Lcl Translation", "Lcl Translation", "", "A+",-1.49011611938477e-08,0.391098529100418,2.83122062683105e-07
			P: "Lcl Rotation", "Lcl Rotation", "", "A+",18.9191741943359,0.38409423828125,-2.33909606933594
			P: "Lcl Scaling", "Lcl Scaling", "", "A+",1,0.999999821186066,1
		}
		Shading: Y
		Culling: "CullingOff"
	}
	Model: 1626657243712, "Model::foot.L", "LimbNode" {
		Version: 232
		Properties70:  {
			P: "RotationActive", "bool", "", "",1
			P: "InheritType", "enum", "", "",1
			P: "ScalingMax", "Vector3D", "Vector", "",0,0,0
			P: "DefaultAttributeIndex", "int", "Integer", "",0
			P: "Lcl Translation", "Lcl Translation", "", "A+",4.4703483581543e-08,0.407674491405487,5.57629391551018e-08
			P: "Lcl Rotation", "Lcl Rotation", "", "A+",-69.5343933105469,1.75848948955536,3.12821817398071
			P: "Lcl Scaling", "Lcl Scaling", "", "A+",1,0.999999821186066,0.999999821186066
		}
		Shading: Y
		Culling: "CullingOff"
	}
	Model: 1626657237712, "Model::toe.L", "LimbNode" {
		Version: 232
		Properties70:  {
			P: "RotationActive", "bool", "", "",1
			P: "InheritType", "enum", "", "",1
			P: "ScalingMax", "Vector3D", "Vector", "",0,0,0
			P: "DefaultAttributeIndex", "int", "Integer", "",0
			P: "Lcl Translation", "Lcl Translation", "", "A+",-2.98023223876953e-08,0.130335748195648,-1.49011611938477e-08
			P: "Lcl Rotation", "Lcl Rotation", "", "A+",-150.957260131836,0.294570922851562,-177.805145263672
			P: "Lcl Scaling", "Lcl Scaling", "", "A+",0.999999821186066,0.999999821186066,1
		}
		Shading: Y
		Culling: "CullingOff"
	}
	Model: 1626657251712, "Model::thigh.R", "LimbNode" {
		Version: 232
		Properties70:  {
			P: "RotationActive", "bool", "", "",1
			P: "InheritType", "enum", "", "",1
			P: "ScalingMax", "Vector3D", "Vector", "",0,0,0
			P: "DefaultAttributeIndex", "int", "Integer", "",0
			P: "Lcl Translation", "Lcl Translation", "", "A+",-0.105214722454548,0.0975489020347595,-0.00724324956536293
			P: "Lcl Rotation", "Lcl Rotation", "", "A+",173.705017089844,-8.65882873535156,-1.97088623046875
			P: "Lcl Scaling", "Lcl Scaling", "", "A+",0.999999821186066,1,1.00000071525574
		}
		Shading: Y
		Culling: "CullingOff"
	}
	Model: 1626657249712, "Model::shin.R", "LimbNode" {
		Version: 232
		Properties70:  {
			P: "RotationActive", "bool", "", "",1
			P: "InheritType", "enum", "", "",1
			P: "ScalingMax", "Vector3D", "Vector", "",0,0,0
			P: "DefaultAttributeIndex", "int", "Integer", "",0
			P: "Lcl Translation", "Lcl Translation", "", "A+",4.4703483581543e-08,0.391098499298096,8.94069671630859e-08
			P: "Lcl Rotation", "Lcl Rotation", "", "A+",19.2329406738281,-0.39029386639595,2.33738088607788
			P: "Lcl Scaling", "Lcl Scaling", "", "A+",0.999999821186066,0.999999821186066,0.999999821186066
		}
		Shading: Y
		Culling: "CullingOff"
	}
	Model: 1626657253712, "Model::foot.R", "LimbNode" {
		Version: 232
		Properties70:  {
			P: "RotationActive", "bool", "", "",1
			P: "InheritType", "enum", "", "",1
			P: "ScalingMax", "Vector3D", "Vector", "",0,0,0
			P: "DefaultAttributeIndex", "int", "Integer", "",0
			P: "Lcl Translation", "Lcl Translation", "", "A+",-1.19209289550781e-07,0.407674491405487,4.93600964546204e-08
			P: "Lcl Rotation", "Lcl Rotation", "", "A+",-70.1676712036133,-3.18064880371094,-2.24053955078125
		}
		Shading: Y
		Culling: "CullingOff"
	}
	Model: 1626657229712, "Model::toe.R", "LimbNode" {
		Version: 232
		Properties70:  {
			P: "RotationActive", "bool", "", "",1
			P: "InheritType", "enum", "", "",1
			P: "ScalingMax", "Vector3D", "Vector", "",0,0,0
			P: "DefaultAttributeIndex", "int", "Integer", "",0
			P: "Lcl Translation", "Lcl Translation", "", "A+",1.49011611938477e-08,0.130336225032806,7.82310962677002e-08
			P: "Lcl Rotation", "Lcl Rotation", "", "A+",-150.9111328125,-0.292797297239304,177.806259155273
			P: "Lcl Scaling", "Lcl Scaling", "", "A+",0.999999821186066,0.999999701976776,1
		}
		Shading: Y
		Culling: "CullingOff"
	}
	Pose: 1628515628528, "Pose::BindPose", "BindPose" {
		Type: "BindPose"
		Version: 100
		NbPoseNodes: 25
		PoseNode:  {
			Node: 1628536535088
			Matrix: *16 {
				a: 99.9999999999965,0,2.6631610894334e-05,0,2.66316108943338e-05,1.33158054421881e-05,-99.9999999999956,0,-3.54621349281009e-12,99.9999999999991,1.33158054421876e-05,0,0,0,0,1
			} 
		}
		PoseNode:  {
			Node: 1626657229712
			Matrix: *16 {
				a: -0.999253877495092,0.0382781398462264,0.00511025372159037,0,0.0309678162655162,0.873321090536076,-0.486159100639147,0,-0.0230721693965027,-0.485638344565256,-0.873855293104788,0,1.49011611938477e-08,0.130336225032806,7.82310962468835e-08,1
			} 
		}
		PoseNode:  {
			Node: 1626657253712
			Matrix: *16 {
				a: 0.99769624320846,-0.0390346033207494,0.0554842863459224,0,0.0654172363098691,0.336968888076909,-0.939240413132756,0,0.0179663986737276,0.940706260323489,0.33874612958216,0,-1.19209289523026e-07,0.407674491405487,4.93600964355384e-08,1
			} 
		}
		PoseNode:  {
			Node: 1626657249712
			Matrix: *16 {
				a: 0.999144639348979,0.0407827243780287,0.00681185911976967,0,-0.0407494417824513,0.943309894278692,0.329401834728505,0,0.00700821138240412,-0.329397715718237,0.94416506619605,0,4.4703483581543e-08,0.391098499298096,8.94069671630859e-08,1
			} 
		}
		PoseNode:  {
			Node: 1626657251712
			Matrix: *16 {
				a: 0.988017321061154,-0.0339996794141037,0.150550448206053,0,-0.0506819921472531,-0.99281484008676,0.108397550597268,0,0.145783367531496,-0.114728956760055,-0.98264230864741,0,-0.105214722454548,0.0975489020347596,-0.00724324956536292,1
			} 
		}
		PoseNode:  {
			Node: 1626657237712
			Matrix: *16 {
				a: -0.999252974584316,-0.0382975603327647,-0.0051412089160325,0,-0.0309883540607897,0.873711859075517,-0.485455406392359,0,0.0230837011704746,-0.484933614689172,-0.874246265124859,0,-2.98023224154509e-08,0.130335748195648,-1.49011611799699e-08,1
			} 
		}
		PoseNode:  {
			Node: 1626657243712
			Matrix: *16 {
				a: 0.998039672143848,0.0545448860160379,-0.0306866133109776,0,-0.0477872304843263,0.347555102707588,-0.936440854275762,0,-0.0404127706161877,0.936071551446562,0.349480329797993,0,4.47034836092985e-08,0.407674491405487,5.57629391308156e-08,1
			} 
		}
		PoseNode:  {
			Node: 1626657241712
			Matrix: *16 {
				a: 0.999144327313801,-0.0408126714905709,-0.00670365888559685,0,0.0407804480891323,0.94509981800592,0.324226666748728,0,-0.00689693087901463,-0.324222671034577,0.945955650087072,0,-1.49011612216032e-08,0.391098529100418,2.83122062683105e-07,1
			} 
		}
		PoseNode:  {
			Node: 1626657239712
			Matrix: *16 {
				a: 0.98329611431179,0.0488390222310733,-0.175338928665148,0,0.0689392509976402,-0.991489154529779,0.110439460974338,0,-0.168453834662447,-0.120683103419418,-0.978299839865606,0,0.105214715003967,0.0975488424301147,-0.00724314153194427,1
			} 
		}
		PoseNode:  {
			Node: 1626657247712
			Matrix: *16 {
				a: -0.232990826899385,0.0703894564788083,-0.969928264056653,0,-0.693662744049069,0.686998135416585,0.216484547837604,0,0.681577057302798,0.723241928770754,-0.111237706855265,0,4.33680868994202e-19,0.00805620010942232,-0.0206966008991003,1
			} 
		}
		PoseNode:  {
			Node: 1626657245712
			Matrix: *16 {
				a: -0.232992014595565,-0.0703895444451904,0.969927972370161,0,0.693661858100815,0.686998944235832,0.216485370530137,0,-0.681577637112985,0.72324122971437,-0.111238699330438,0,4.33680868994202e-19,0.00805620010942232,-0.0206966008991003,1
			} 
		}
		PoseNode:  {
			Node: 1628536551088
			Matrix: *16 {
				a: 0.99208876024836,0.124133733115413,-0.0187176511311486,0,-0.11993866146937,0.98128086418766,0.150673763688494,0,0.0370709806947507,-0.147236821277139,0.988406444368473,0,-1.11022302462516e-16,0.242479801177979,1.34110450689118e-07,1
			} 
		}
		PoseNode:  {
			Node: 1628536549088
			Matrix: *16 {
				a: 0.992577307819649,-0.107704516623758,-0.0564771411502294,0,0.114806028287109,0.676646787536354,0.727302098964272,0,-0.0401186520536257,-0.728387605871859,0.683989496806658,0,-5.96046448864129e-08,0.197035849094391,1.11022302462516e-16,1
			} 
		}
		PoseNode:  {
			Node: 1628536543088
			Matrix: *16 {
				a: -0.436254251138278,0.764686153401262,0.474275191774063,0,0.00760753476491513,0.53019149867689,-0.847843794661231,0,-0.899791084736586,-0.366267394712613,-0.237115671711417,0,0.00921773910522466,0.178763687610626,-0.0196846723556519,1
			} 
		}
		PoseNode:  {
			Node: 1628536541088
			Matrix: *16 {
				a: -0.0392361969830251,0.318887933591138,-0.946979939943969,0,-0.992874956584937,-0.119157601793755,0.00101239311199093,0,-0.112517005229981,0.940272277125051,0.321291096054883,0,-0.0271403677761555,0.190254092216492,0.00413662940263748,1
			} 
		}
		PoseNode:  {
			Node: 1628536563088
			Matrix: *16 {
				a: 0.987246599053152,-0.156894950006848,0.0269772069069082,0,0.150552713377675,0.975216400388772,0.162132208112347,0,-0.0517463392985849,-0.156002979356707,0.986400035063458,0,-5.96046447753906e-08,0.242479860782623,-5.96046447753906e-08,1
			} 
		}
		PoseNode:  {
			Node: 1628536559088
			Matrix: *16 {
				a: 0.99291868388663,0.105650146072426,0.0543155244463364,0,-0.112616804854471,0.691608375348842,0.713438822033023,0,0.0378098576648355,-0.714503832550258,0.698609109541493,0,8.94069671075748e-08,0.197035849094391,0,1
			} 
		}
		PoseNode:  {
			Node: 1628536557088
			Matrix: *16 {
				a: -0.450411766896823,-0.746134015305135,-0.490319560537328,0,0.0220227179157461,0.539728260311997,-0.841550977236882,0,0.89254913313547,-0.389842631961298,-0.226668060424867,0,-0.00921779870986933,0.178763628005981,-0.0196847915649416,1
			} 
		}
		PoseNode:  {
			Node: 1628536547088
			Matrix: *16 {
				a: -0.0418788915517453,-0.320008417987978,0.946488464394254,0,0.992963716287176,-0.118352578143549,0.00392017296805365,0,0.110764881400747,0.939993043610307,0.322713280459097,0,0.0271403882652521,0.190254211425781,0.00413665175437927,1
			} 
		}
		PoseNode:  {
			Node: 1628536539088
			Matrix: *16 {
				a: 0.99999962200766,0.000817625892959591,-0.000295757396059986,0,-0.000867994364104369,0.958601642845361,-0.284748624741406,0,5.06956862386543e-05,0.284748824741418,0.958602161607374,0,2.42143869408698e-08,0.117625594139099,8.94069672185971e-08,1
			} 
		}
		PoseNode:  {
			Node: 1628536553088
			Matrix: *16 {
				a: 0.999999819186062,-0.000601341737893034,-3.99474163510771e-06,0,0.000565493906035306,0.938085579714994,0.34640312548738,0,-0.000204559211391538,-0.346403003170174,0.938085582408331,0,1.69966369875998e-08,0.184120297431946,-1.49011611869088e-08,1
			} 
		}
		PoseNode:  {
			Node: 1628536555088
			Matrix: *16 {
				a: 0.999999986464174,-9.77380109941652e-05,0.000132359105790474,0,8.44513335995758e-05,0.995293170405262,0.0969078953686344,0,-0.000141207698977165,-0.0969078828790031,0.995293165187252,0,1.37370079755783e-08,0.13540518283844,1.04308128329178e-07,1
			} 
		}
		PoseNode:  {
			Node: 1628536545088
			Matrix: *16 {
				a: 1,-1.22514845490862e-16,1.2490009027033e-16,0,1.45283091113058e-16,0.975782354386119,-0.218743678465648,0,-8.84708972748172e-17,0.218743678465648,0.975782354386119,0,-4.33680868994202e-19,0.126452401280403,0,1
			} 
		}
		PoseNode:  {
			Node: 1628536537088
			Matrix: *16 {
				a: 0.999999975275923,0.000205088190075022,8.59475911309422e-05,0,-0.000215675278524524,0.988643243050247,0.150280184413741,0,-5.4150830340707e-05,-0.15028024402197,0.988643557478113,0,4.42378222942352e-09,0.156536281108856,3.72529029846191e-08,1
			} 
		}
		PoseNode:  {
			Node: 1628536561088
			Matrix: *16 {
				a: 0.999910245653682,0.0133541143291949,-0.00108086413378671,0,0.000262052118677416,0.0611655483772963,0.998127600570384,0,0.0133952217406063,-0.99803829752279,0.0611565590295315,0,-0.00301553751341999,0.00674345949664712,0.766634821891785,1
			} 
		}
	}
	AnimationStack: 1627390537248, "AnimStack::default-stance", "" {
	}
	AnimationCurve: 1628553270992, "AnimCurve::", "" {
		Default: 0
		KeyVer: 4009
		KeyTime: *2 {
			a: 0,9237231600
		} 
		KeyValueFloat: *2 {
			a: 0,0
		} 
		;KeyAttrFlags: Cubic|TangeantAuto|GenericTimeIndependent, Cubic|TangeantAuto|GenericTimeIndependent
		KeyAttrFlags: *2 {
			a: 8456,8456
		} 
		;KeyAttrDataFloat: RightAuto:0, NextLeftAuto:0; RightAuto:0, NextLeftAuto:0
		KeyAttrDataFloat: *8 {
			a: 0,0,218434821,0,0,0,218434821,0
		} 
		KeyAttrRefCount: *2 {
			a: 1,1
		} 
	}
	AnimationCurve: 1628553272912, "AnimCurve::", "" {
		Default: 0
		KeyVer: 4009
		KeyTime: *2 {
			a: 0,9237231600
		} 
		KeyValueFloat: *2 {
			a: 0,0
		} 
		;KeyAttrFlags: Cubic|TangeantAuto|GenericTimeIndependent, Cubic|TangeantAuto|GenericTimeIndependent
		KeyAttrFlags: *2 {
			a: 8456,8456
		} 
		;KeyAttrDataFloat: RightAuto:0, NextLeftAuto:0; RightAuto:0, NextLeftAuto:0
		KeyAttrDataFloat: *8 {
			a: 0,0,218434821,0,0,0,218434821,0
		} 
		KeyAttrRefCount: *2 {
			a: 1,1
		} 
	}
	AnimationCurve: 1628553271312, "AnimCurve::", "" {
		Default: 0
		KeyVer: 4009
		KeyTime: *2 {
			a: 0,9237231600
		} 
		KeyValueFloat: *2 {
			a: 0,0
		} 
		;KeyAttrFlags: Cubic|TangeantAuto|GenericTimeIndependent, Cubic|TangeantAuto|GenericTimeIndependent
		KeyAttrFlags: *2 {
			a: 8456,8456
		} 
		;KeyAttrDataFloat: RightAuto:0, NextLeftAuto:0; RightAuto:0, NextLeftAuto:0
		KeyAttrDataFloat: *8 {
			a: 0,0,218434821,0,0,0,218434821,0
		} 
		KeyAttrRefCount: *2 {
			a: 1,1
		} 
	}
	AnimationCurve: 1628553271472, "AnimCurve::", "" {
		Default: -89.9999847412109
		KeyVer: 4009
		KeyTime: *2 {
			a: 0,9237231600
		} 
		KeyValueFloat: *2 {
			a: -89.99998,-89.99998
		} 
		;KeyAttrFlags: Cubic|TangeantAuto|GenericTimeIndependent, Cubic|TangeantAuto|GenericTimeIndependent
		KeyAttrFlags: *2 {
			a: 8456,8456
		} 
		;KeyAttrDataFloat: RightAuto:0, NextLeftAuto:0; RightAuto:0, NextLeftAuto:0
		KeyAttrDataFloat: *8 {
			a: 0,0,218434821,0,0,0,218434821,0
		} 
		KeyAttrRefCount: *2 {
			a: 1,1
		} 
	}
	AnimationCurve: 1628553273072, "AnimCurve::", "" {
		Default: 89.9999847412109
		KeyVer: 4009
		KeyTime: *2 {
			a: 0,9237231600
		} 
		KeyValueFloat: *2 {
			a: 89.99998,89.99998
		} 
		;KeyAttrFlags: Cubic|TangeantAuto|GenericTimeIndependent, Cubic|TangeantAuto|GenericTimeIndependent
		KeyAttrFlags: *2 {
			a: 8456,8456
		} 
		;KeyAttrDataFloat: RightAuto:0, NextLeftAuto:0; RightAuto:0, NextLeftAuto:0
		KeyAttrDataFloat: *8 {
			a: 0,0,218434821,0,0,0,218434821,0
		} 
		KeyAttrRefCount: *2 {
			a: 1,1
		} 
	}
	AnimationCurve: 1628553275152, "AnimCurve::", "" {
		Default: 0
		KeyVer: 4009
		KeyTime: *2 {
			a: 0,9237231600
		} 
		KeyValueFloat: *2 {
			a: 0,0
		} 
		;KeyAttrFlags: Cubic|TangeantAuto|GenericTimeIndependent, Cubic|TangeantAuto|GenericTimeIndependent
		KeyAttrFlags: *2 {
			a: 8456,8456
		} 
		;KeyAttrDataFloat: RightAuto:0, NextLeftAuto:0; RightAuto:0, NextLeftAuto:0
		KeyAttrDataFloat: *8 {
			a: 0,0,218434821,0,0,0,218434821,0
		} 
		KeyAttrRefCount: *2 {
			a: 1,1
		} 
	}
	AnimationCurve: 1628553273232, "AnimCurve::", "" {
		Default: 100
		KeyVer: 4009
		KeyTime: *2 {
			a: 0,9237231600
		} 
		KeyValueFloat: *2 {
			a: 100,100
		} 
		;KeyAttrFlags: Cubic|TangeantAuto|GenericTimeIndependent, Cubic|TangeantAuto|GenericTimeIndependent
		KeyAttrFlags: *2 {
			a: 8456,8456
		} 
		;KeyAttrDataFloat: RightAuto:0, NextLeftAuto:0; RightAuto:0, NextLeftAuto:0
		KeyAttrDataFloat: *8 {
			a: 0,0,218434821,0,0,0,218434821,0
		} 
		KeyAttrRefCount: *2 {
			a: 1,1
		} 
	}
	AnimationCurve: 1628553273392, "AnimCurve::", "" {
		Default: 100
		KeyVer: 4009
		KeyTime: *2 {
			a: 0,9237231600
		} 
		KeyValueFloat: *2 {
			a: 100,100
		} 
		;KeyAttrFlags: Cubic|TangeantAuto|GenericTimeIndependent, Cubic|TangeantAuto|GenericTimeIndependent
		KeyAttrFlags: *2 {
			a: 8456,8456
		} 
		;KeyAttrDataFloat: RightAuto:0, NextLeftAuto:0; RightAuto:0, NextLeftAuto:0
		KeyAttrDataFloat: *8 {
			a: 0,0,218434821,0,0,0,218434821,0
		} 
		KeyAttrRefCount: *2 {
			a: 1,1
		} 
	}
	AnimationCurve: 1628553273552, "AnimCurve::", "" {
		Default: 100
		KeyVer: 4009
		KeyTime: *2 {
			a: 0,9237231600
		} 
		KeyValueFloat: *2 {
			a: 100,100
		} 
		;KeyAttrFlags: Cubic|TangeantAuto|GenericTimeIndependent, Cubic|TangeantAuto|GenericTimeIndependent
		KeyAttrFlags: *2 {
			a: 8456,8456
		} 
		;KeyAttrDataFloat: RightAuto:0, NextLeftAuto:0; RightAuto:0, NextLeftAuto:0
		KeyAttrDataFloat: *8 {
			a: 0,0,218434821,0,0,0,218434821,0
		} 
		KeyAttrRefCount: *2 {
			a: 1,1
		} 
	}
	AnimationCurve: 1628553274192, "AnimCurve::", "" {
		Default: -0.00301553751341999
		KeyVer: 4009
		KeyTime: *2 {
			a: 0,9237231600
		} 
		KeyValueFloat: *2 {
			a: -0.003015538,-0.003015538
		} 
		;KeyAttrFlags: Cubic|TangeantAuto|GenericTimeIndependent, Cubic|TangeantAuto|GenericTimeIndependent
		KeyAttrFlags: *2 {
			a: 8456,8456
		} 
		;KeyAttrDataFloat: RightAuto:0, NextLeftAuto:0; RightAuto:0, NextLeftAuto:0
		KeyAttrDataFloat: *8 {
			a: 0,0,218434821,0,0,0,218434821,0
		} 
		KeyAttrRefCount: *2 {
			a: 1,1
		} 
	}
	AnimationCurve: 1628553274352, "AnimCurve::", "" {
		Default: 0.00674345949664712
		KeyVer: 4009
		KeyTime: *2 {
