; FBX 7.7.0 project file
; ----------------------------------------------------

FBXHeaderExtension:  {
	FBXHeaderVersion: 1004
	FBXVersion: 7700
	CreationTimeStamp:  {
		Version: 1000
		Year: 2023
		Month: 4
		Day: 7
		Hour: 18
		Minute: 37
		Second: 9
		Millisecond: 109
	}
	Creator: "FBX SDK/FBX Plugins version 2020.2"
	OtherFlags:  {
		TCDefinition: 127
	}
	SceneInfo: "SceneInfo::GlobalInfo", "UserData" {
		Type: "UserData"
		Version: 100
		MetaData:  {
			Version: 100
			Title: ""
			Subject: ""
			Author: ""
			Keywords: ""
			Revision: ""
			Comment: ""
		}
		Properties70:  {
			P: "DocumentUrl", "KString", "Url", "", "C:\Users\patri\Documents\work-folder\game-dev\Unity\uppercut-city\Assets\Characters\Common\BoxerAnimations\guard-stunned.fbx"
			P: "SrcDocumentUrl", "KString", "Url", "", "C:\Users\patri\Documents\work-folder\game-dev\Unity\uppercut-city\Assets\Characters\Common\BoxerAnimations\guard-stunned.fbx"
			P: "Original", "Compound", "", ""
			P: "Original|ApplicationVendor", "KString", "", "", ""
			P: "Original|ApplicationName", "KString", "", "", ""
			P: "Original|ApplicationVersion", "KString", "", "", ""
			P: "Original|DateTime_GMT", "DateTime", "", "", ""
			P: "Original|FileName", "KString", "", "", ""
			P: "LastSaved", "Compound", "", ""
			P: "LastSaved|ApplicationVendor", "KString", "", "", ""
			P: "LastSaved|ApplicationName", "KString", "", "", ""
			P: "LastSaved|ApplicationVersion", "KString", "", "", ""
			P: "LastSaved|DateTime_GMT", "DateTime", "", "", ""
		}
	}
}
GlobalSettings:  {
	Version: 1000
	Properties70:  {
		P: "UpAxis", "int", "Integer", "",1
		P: "UpAxisSign", "int", "Integer", "",1
		P: "FrontAxis", "int", "Integer", "",2
		P: "FrontAxisSign", "int", "Integer", "",1
		P: "CoordAxis", "int", "Integer", "",0
		P: "CoordAxisSign", "int", "Integer", "",1
		P: "OriginalUpAxis", "int", "Integer", "",-1
		P: "OriginalUpAxisSign", "int", "Integer", "",1
		P: "UnitScaleFactor", "double", "Number", "",1
		P: "OriginalUnitScaleFactor", "double", "Number", "",1
		P: "AmbientColor", "ColorRGB", "Color", "",0,0,0
		P: "DefaultCamera", "KString", "", "", "Producer Perspective"
		P: "TimeMode", "enum", "", "",6
		P: "TimeProtocol", "enum", "", "",2
		P: "SnapOnFrameMode", "enum", "", "",0
		P: "TimeSpanStart", "KTime", "Time", "",0
		P: "TimeSpanStop", "KTime", "Time", "",46186158000
		P: "CustomFrameRate", "double", "Number", "",-1
		P: "TimeMarker", "Compound", "", ""
		P: "CurrentTimeMarker", "int", "Integer", "",-1
	}
}

; Documents Description
;------------------------------------------------------------------

Documents:  {
	Count: 1
	Document: 2399575073456, "myScene", "Scene" {
		Properties70:  {
			P: "SourceObject", "object", "", ""
			P: "ActiveAnimStackName", "KString", "", "", ""
		}
		RootNode: 0
	}
}

; Document References
;------------------------------------------------------------------

References:  {
}

; Object definitions
;------------------------------------------------------------------

Definitions:  {
	Version: 100
	Count: 354
	ObjectType: "GlobalSettings" {
		Count: 1
	}
	ObjectType: "NodeAttribute" {
		Count: 25
		PropertyTemplate: "FbxNull" {
			Properties70:  {
				P: "Color", "ColorRGB", "Color", "",0.8,0.8,0.8
				P: "Size", "double", "Number", "",100
				P: "Look", "enum", "", "",1
			}
		}
	}
	ObjectType: "Model" {
		Count: 25
		PropertyTemplate: "FbxNode" {
			Properties70:  {
				P: "QuaternionInterpolate", "enum", "", "",0
				P: "RotationOffset", "Vector3D", "Vector", "",0,0,0
				P: "RotationPivot", "Vector3D", "Vector", "",0,0,0
				P: "ScalingOffset", "Vector3D", "Vector", "",0,0,0
				P: "ScalingPivot", "Vector3D", "Vector", "",0,0,0
				P: "TranslationActive", "bool", "", "",0
				P: "TranslationMin", "Vector3D", "Vector", "",0,0,0
				P: "TranslationMax", "Vector3D", "Vector", "",0,0,0
				P: "TranslationMinX", "bool", "", "",0
				P: "TranslationMinY", "bool", "", "",0
				P: "TranslationMinZ", "bool", "", "",0
				P: "TranslationMaxX", "bool", "", "",0
				P: "TranslationMaxY", "bool", "", "",0
				P: "TranslationMaxZ", "bool", "", "",0
				P: "RotationOrder", "enum", "", "",0
				P: "RotationSpaceForLimitOnly", "bool", "", "",0
				P: "RotationStiffnessX", "double", "Number", "",0
				P: "RotationStiffnessY", "double", "Number", "",0
				P: "RotationStiffnessZ", "double", "Number", "",0
				P: "AxisLen", "double", "Number", "",10
				P: "PreRotation", "Vector3D", "Vector", "",0,0,0
				P: "PostRotation", "Vector3D", "Vector", "",0,0,0
				P: "RotationActive", "bool", "", "",0
				P: "RotationMin", "Vector3D", "Vector", "",0,0,0
				P: "RotationMax", "Vector3D", "Vector", "",0,0,0
				P: "RotationMinX", "bool", "", "",0
				P: "RotationMinY", "bool", "", "",0
				P: "RotationMinZ", "bool", "", "",0
				P: "RotationMaxX", "bool", "", "",0
				P: "RotationMaxY", "bool", "", "",0
				P: "RotationMaxZ", "bool", "", "",0
				P: "InheritType", "enum", "", "",0
				P: "ScalingActive", "bool", "", "",0
				P: "ScalingMin", "Vector3D", "Vector", "",0,0,0
				P: "ScalingMax", "Vector3D", "Vector", "",1,1,1
				P: "ScalingMinX", "bool", "", "",0
				P: "ScalingMinY", "bool", "", "",0
				P: "ScalingMinZ", "bool", "", "",0
				P: "ScalingMaxX", "bool", "", "",0
				P: "ScalingMaxY", "bool", "", "",0
				P: "ScalingMaxZ", "bool", "", "",0
				P: "GeometricTranslation", "Vector3D", "Vector", "",0,0,0
				P: "GeometricRotation", "Vector3D", "Vector", "",0,0,0
				P: "GeometricScaling", "Vector3D", "Vector", "",1,1,1
				P: "MinDampRangeX", "double", "Number", "",0
				P: "MinDampRangeY", "double", "Number", "",0
				P: "MinDampRangeZ", "double", "Number", "",0
				P: "MaxDampRangeX", "double", "Number", "",0
				P: "MaxDampRangeY", "double", "Number", "",0
				P: "MaxDampRangeZ", "double", "Number", "",0
				P: "MinDampStrengthX", "double", "Number", "",0
				P: "MinDampStrengthY", "double", "Number", "",0
				P: "MinDampStrengthZ", "double", "Number", "",0
				P: "MaxDampStrengthX", "double", "Number", "",0
				P: "MaxDampStrengthY", "double", "Number", "",0
				P: "MaxDampStrengthZ", "double", "Number", "",0
				P: "PreferedAngleX", "double", "Number", "",0
				P: "PreferedAngleY", "double", "Number", "",0
				P: "PreferedAngleZ", "double", "Number", "",0
				P: "LookAtProperty", "object", "", ""
				P: "UpVectorProperty", "object", "", ""
				P: "Show", "bool", "", "",1
				P: "NegativePercentShapeSupport", "bool", "", "",1
				P: "DefaultAttributeIndex", "int", "Integer", "",-1
				P: "Freeze", "bool", "", "",0
				P: "LODBox", "bool", "", "",0
				P: "Lcl Translation", "Lcl Translation", "", "A",0,0,0
				P: "Lcl Rotation", "Lcl Rotation", "", "A",0,0,0
				P: "Lcl Scaling", "Lcl Scaling", "", "A",1,1,1
				P: "Visibility", "Visibility", "", "A",1
				P: "Visibility Inheritance", "Visibility Inheritance", "", "",1
			}
		}
	}
	ObjectType: "Pose" {
		Count: 1
	}
	ObjectType: "AnimationStack" {
		Count: 1
		PropertyTemplate: "FbxAnimStack" {
			Properties70:  {
				P: "Description", "KString", "", "", ""
				P: "LocalStart", "KTime", "Time", "",0
				P: "LocalStop", "KTime", "Time", "",0
				P: "ReferenceStart", "KTime", "Time", "",0
				P: "ReferenceStop", "KTime", "Time", "",0
			}
		}
	}
	ObjectType: "AnimationLayer" {
		Count: 1
		PropertyTemplate: "FbxAnimLayer" {
			Properties70:  {
				P: "Weight", "Number", "", "A",100
				P: "Mute", "bool", "", "",0
				P: "Solo", "bool", "", "",0
				P: "Lock", "bool", "", "",0
				P: "Color", "ColorRGB", "Color", "",0.8,0.8,0.8
				P: "BlendMode", "enum", "", "",0
				P: "RotationAccumulationMode", "enum", "", "",0
				P: "ScaleAccumulationMode", "enum", "", "",0
				P: "BlendModeBypass", "ULongLong", "", "",0
			}
		}
	}
	ObjectType: "AnimationCurveNode" {
		Count: 75
		PropertyTemplate: "FbxAnimCurveNode" {
			Properties70:  {
				P: "d", "Compound", "", ""
			}
		}
	}
	ObjectType: "AnimationCurve" {
		Count: 225
	}
}

; Object properties
;------------------------------------------------------------------

Objects:  {
	NodeAttribute: 2404757844000, "NodeAttribute::", "Null" {
		TypeFlags: "Null"
	}
	NodeAttribute: 2400533029904, "NodeAttribute::spine", "LimbNode" {
		Properties70:  {
			P: "Size", "double", "Number", "",3.28587698936462
		}
		TypeFlags: "Skeleton"
	}
	NodeAttribute: 2400533036432, "NodeAttribute::spine.001", "LimbNode" {
		Properties70:  {
			P: "Size", "double", "Number", "",2.95710468292236
		}
		TypeFlags: "Skeleton"
	}
	NodeAttribute: 2400533037968, "NodeAttribute::spine.002", "LimbNode" {
		Properties70:  {
			P: "Size", "double", "Number", "",2.50252175331116
		}
		TypeFlags: "Skeleton"
	}
	NodeAttribute: 2400533039504, "NodeAttribute::spine.003", "LimbNode" {
		Properties70:  {
			P: "Size", "double", "Number", "",3.05492115020752
		}
		TypeFlags: "Skeleton"
	}
	NodeAttribute: 2400533032592, "NodeAttribute::spine.004", "LimbNode" {
		Properties70:  {
			P: "Size", "double", "Number", "",5.68054151535034
		}
		TypeFlags: "Skeleton"
	}
	NodeAttribute: 2400533035856, "NodeAttribute::spine.005", "LimbNode" {
		Properties70:  {
			P: "Size", "double", "Number", "",6.89283752441406
		}
		TypeFlags: "Skeleton"
	}
	NodeAttribute: 2400533041232, "NodeAttribute::shoulder.L", "LimbNode" {
		Properties70:  {
			P: "Size", "double", "Number", "",3.00270175933838
		}
		TypeFlags: "Skeleton"
	}
	NodeAttribute: 2400533033168, "NodeAttribute::upper_arm.L", "LimbNode" {
		Properties70:  {
			P: "Size", "double", "Number", "",2.34677624702454
		}
		TypeFlags: "Skeleton"
	}
	NodeAttribute: 2400533036816, "NodeAttribute::forearm.L", "LimbNode" {
		Properties70:  {
			P: "Size", "double", "Number", "",3.18843913078308
		}
		TypeFlags: "Skeleton"
	}
	NodeAttribute: 2400533038544, "NodeAttribute::hand.L", "LimbNode" {
		Properties70:  {
			P: "Size", "double", "Number", "",5.47286701202393
		}
		TypeFlags: "Skeleton"
	}
	NodeAttribute: 2400533030288, "NodeAttribute::shoulder.R", "LimbNode" {
		Properties70:  {
			P: "Size", "double", "Number", "",3.00359797477722
		}
		TypeFlags: "Skeleton"
	}
	NodeAttribute: 2400533037008, "NodeAttribute::upper_arm.R", "LimbNode" {
		Properties70:  {
			P: "Size", "double", "Number", "",2.34828996658325
		}
		TypeFlags: "Skeleton"
	}
	NodeAttribute: 2400533030096, "NodeAttribute::forearm.R", "LimbNode" {
		Properties70:  {
			P: "Size", "double", "Number", "",3.13255071640015
		}
		TypeFlags: "Skeleton"
	}
	NodeAttribute: 2400533031056, "NodeAttribute::hand.R", "LimbNode" {
		Properties70:  {
			P: "Size", "double", "Number", "",5.54159164428711
		}
		TypeFlags: "Skeleton"
	}
	NodeAttribute: 2400533038736, "NodeAttribute::pelvis.L", "LimbNode" {
		Properties70:  {
			P: "Size", "double", "Number", "",3.16468071937561
		}
		TypeFlags: "Skeleton"
	}
	NodeAttribute: 2400533029136, "NodeAttribute::pelvis.R", "LimbNode" {
		Properties70:  {
			P: "Size", "double", "Number", "",3.1727466583252
		}
		TypeFlags: "Skeleton"
	}
	NodeAttribute: 2400533029520, "NodeAttribute::thigh.L", "LimbNode" {
		Properties70:  {
			P: "Size", "double", "Number", "",2.33007216453552
		}
		TypeFlags: "Skeleton"
	}
	NodeAttribute: 2400533038160, "NodeAttribute::shin.L", "LimbNode" {
		Properties70:  {
			P: "Size", "double", "Number", "",2.86792755126953
		}
		TypeFlags: "Skeleton"
	}
	NodeAttribute: 2400533037200, "NodeAttribute::foot.L", "LimbNode" {
		Properties70:  {
			P: "Size", "double", "Number", "",3.22272825241089
		}
		TypeFlags: "Skeleton"
	}
	NodeAttribute: 2400533029712, "NodeAttribute::toe.L", "LimbNode" {
		Properties70:  {
			P: "Size", "double", "Number", "",2.65555262565613
		}
		TypeFlags: "Skeleton"
	}
	NodeAttribute: 2400533030480, "NodeAttribute::thigh.R", "LimbNode" {
		Properties70:  {
			P: "Size", "double", "Number", "",2.33012890815735
		}
		TypeFlags: "Skeleton"
	}
	NodeAttribute: 2400533033360, "NodeAttribute::shin.R", "LimbNode" {
		Properties70:  {
			P: "Size", "double", "Number", "",2.86725783348083
		}
		TypeFlags: "Skeleton"
	}
	NodeAttribute: 2400533031824, "NodeAttribute::foot.R", "LimbNode" {
		Properties70:  {
			P: "Size", "double", "Number", "",3.22272825241089
		}
		TypeFlags: "Skeleton"
	}
	NodeAttribute: 2400533034320, "NodeAttribute::toe.R", "LimbNode" {
		Properties70:  {
			P: "Size", "double", "Number", "",2.65555262565613
		}
		TypeFlags: "Skeleton"
	}
	Model: 2400553474016, "Model::metarig", "Null" {
		Version: 232
		Properties70:  {
			P: "PreRotation", "Vector3D", "Vector", "",-0,-90,0
			P: "RotationActive", "bool", "", "",1
			P: "InheritType", "enum", "", "",1
			P: "ScalingMax", "Vector3D", "Vector", "",0,0,0
			P: "DefaultAttributeIndex", "int", "Integer", "",0
			P: "Lcl Rotation", "Lcl Rotation", "", "A+",-89.9999923706055,89.9999847412109,0
			P: "Lcl Scaling", "Lcl Scaling", "", "A+",100,100,100
		}
		Shading: Y
		Culling: "CullingOff"
	}
	Model: 2400553496016, "Model::spine", "LimbNode" {
		Version: 232
		Properties70:  {
			P: "RotationActive", "bool", "", "",1
			P: "InheritType", "enum", "", "",1
			P: "ScalingMax", "Vector3D", "Vector", "",0,0,0
			P: "DefaultAttributeIndex", "int", "Integer", "",0
			P: "Lcl Translation", "Lcl Translation", "", "A+",0.0296591818332672,0.00257509993389249,0.724513351917267
			P: "Lcl Rotation", "Lcl Rotation", "", "A+",98.7195739746094,-2.85737228393555,27.9139308929443
		}
		Shading: Y
		Culling: "CullingOff"
	}
	Model: 2400553478016, "Model::spine.001", "LimbNode" {
		Version: 232
		Properties70:  {
			P: "RotationActive", "bool", "", "",1
			P: "InheritType", "enum", "", "",1
			P: "ScalingMax", "Vector3D", "Vector", "",0,0,0
			P: "DefaultAttributeIndex", "int", "Integer", "",0
			P: "Lcl Translation", "Lcl Translation", "", "A+",7.45058059692383e-09,0.156536400318146,3.72529029846191e-08
			P: "Lcl Rotation", "Lcl Rotation", "", "A+",10.9663610458374,0.307740539312363,1.84588599205017
			P: "Lcl Scaling", "Lcl Scaling", "", "A+",1,0.999999821186066,1.00000011920929
		}
		Shading: Y
		Culling: "CullingOff"
	}
	Model: 2399574833088, "Model::spine.002", "LimbNode" {
		Version: 232
		Properties70:  {
			P: "RotationActive", "bool", "", "",1
			P: "InheritType", "enum", "", "",1
			P: "ScalingMax", "Vector3D", "Vector", "",0,0,0
			P: "DefaultAttributeIndex", "int", "Integer", "",0
			P: "Lcl Translation", "Lcl Translation", "", "A+",0,0.126452401280403,0
			P: "Lcl Rotation", "Lcl Rotation", "", "A+",-12.63525390625,-7.01670912670559e-15,-7.01670912670559e-15
		}
		Shading: Y
		Culling: "CullingOff"
	}
	Model: 2399574839088, "Model::spine.003", "LimbNode" {
		Version: 232
		Properties70:  {
			P: "RotationActive", "bool", "", "",1
			P: "InheritType", "enum", "", "",1
			P: "ScalingMax", "Vector3D", "Vector", "",0,0,0
			P: "DefaultAttributeIndex", "int", "Integer", "",0
			P: "Lcl Translation", "Lcl Translation", "", "A+",-3.72529029846191e-08,0.135405242443085,3.35276126861572e-08
			P: "Lcl Rotation", "Lcl Rotation", "", "A+",7.05258369445801,-0.0555247813463211,1.41979789733887
			P: "Lcl Scaling", "Lcl Scaling", "", "A+",1,0.999999821186066,0.999999821186066
		}
		Shading: Y
		Culling: "CullingOff"
	}
	Model: 2404647456320, "Model::spine.004", "LimbNode" {
		Version: 232
		Properties70:  {
			P: "RotationActive", "bool", "", "",1
			P: "InheritType", "enum", "", "",1
			P: "ScalingMax", "Vector3D", "Vector", "",0,0,0
			P: "DefaultAttributeIndex", "int", "Integer", "",0
			P: "Lcl Translation", "Lcl Translation", "", "A+",2.98023223876953e-08,0.184120297431946,-1.49011611938477e-08
			P: "Lcl Rotation", "Lcl Rotation", "", "A+",18.6133823394775,-7.77024507522583,0.62989217042923
			P: "Lcl Scaling", "Lcl Scaling", "", "A+",1,1,0.999999821186066
		}
		Shading: Y
		Culling: "CullingOff"
	}
	Model: 2404647460320, "Model::spine.005", "LimbNode" {
		Version: 232
		Properties70:  {
			P: "RotationActive", "bool", "", "",1
			P: "InheritType", "enum", "", "",1
			P: "ScalingMax", "Vector3D", "Vector", "",0,0,0
			P: "DefaultAttributeIndex", "int", "Integer", "",0
			P: "Lcl Translation", "Lcl Translation", "", "A+",5.96046447753906e-08,0.11762547492981,5.96046447753906e-08
			P: "Lcl Rotation", "Lcl Rotation", "", "A+",-33.6698188781738,-18.8784465789795,8.84108543395996
			P: "Lcl Scaling", "Lcl Scaling", "", "A+",1,0.999999821186066,1
		}
		Shading: Y
		Culling: "CullingOff"
	}
	Model: 2404647462320, "Model::shoulder.L", "LimbNode" {
		Version: 232
		Properties70:  {
			P: "RotationActive", "bool", "", "",1
			P: "InheritType", "enum", "", "",1
			P: "ScalingMax", "Vector3D", "Vector", "",0,0,0
			P: "DefaultAttributeIndex", "int", "Integer", "",0
			P: "Lcl Translation", "Lcl Translation", "", "A+",0.0271403789520264,0.190253973007202,0.00413660705089569
			P: "Lcl Rotation", "Lcl Rotation", "", "A+",6.88639831542969,-73.7815017700195,-100.870544433594
			P: "Lcl Scaling", "Lcl Scaling", "", "A+",0.999999821186066,0.999999821186066,0.999999821186066
		}
		Shading: Y
		Culling: "CullingOff"
	}
	Model: 2404647432320, "Model::upper_arm.L", "LimbNode" {
		Version: 232
		Properties70:  {
			P: "RotationActive", "bool", "", "",1
			P: "InheritType", "enum", "", "",1
			P: "ScalingMax", "Vector3D", "Vector", "",0,0,0
			P: "DefaultAttributeIndex", "int", "Integer", "",0
			P: "Lcl Translation", "Lcl Translation", "", "A+",-0.00921797752380371,0.178763583302498,-0.019684910774231
			P: "Lcl Rotation", "Lcl Rotation", "", "A+",-91.6343002319336,39.4224700927734,-138.779937744141
			P: "Lcl Scaling", "Lcl Scaling", "", "A+",1,0.999999821186066,0.999999821186066
		}
		Shading: Y
		Culling: "CullingOff"
	}
	Model: 2404647434320, "Model::forearm.L", "LimbNode" {
		Version: 232
		Properties70:  {
			P: "RotationActive", "bool", "", "",1
			P: "InheritType", "enum", "", "",1
			P: "ScalingMax", "Vector3D", "Vector", "",0,0,0
			P: "DefaultAttributeIndex", "int", "Integer", "",0
			P: "Lcl Translation", "Lcl Translation", "", "A+",5.96046447753906e-08,0.197035729885101,1.19209289550781e-07
			P: "Lcl Rotation", "Lcl Rotation", "", "A+",58.614818572998,-4.63806247711182,7.2626838684082
			P: "Lcl Scaling", "Lcl Scaling", "", "A+",0.999999821186066,0.999999821186066,1
		}
		Shading: Y
		Culling: "CullingOff"
	}
	Model: 2404647436320, "Model::hand.L", "LimbNode" {
		Version: 232
		Properties70:  {
			P: "RotationActive", "bool", "", "",1
			P: "InheritType", "enum", "", "",1
			P: "ScalingMax", "Vector3D", "Vector", "",0,0,0
			P: "DefaultAttributeIndex", "int", "Integer", "",0
			P: "Lcl Translation", "Lcl Translation", "", "A+",-5.96046447753906e-08,0.242479681968689,-1.49011611938477e-07
			P: "Lcl Rotation", "Lcl Rotation", "", "A+",14.4626159667969,-24.3317108154297,-3.26341247558594
			P: "Lcl Scaling", "Lcl Scaling", "", "A+",0.999999821186066,1,0.999999821186066
		}
		Shading: Y
		Culling: "CullingOff"
	}
	Model: 2404647454320, "Model::shoulder.R", "LimbNode" {
		Version: 232
		Properties70:  {
			P: "RotationActive", "bool", "", "",1
			P: "InheritType", "enum", "", "",1
			P: "ScalingMax", "Vector3D", "Vector", "",0,0,0
			P: "DefaultAttributeIndex", "int", "Integer", "",0
			P: "Lcl Translation", "Lcl Translation", "", "A+",-0.027140349149704,0.190253973007202,0.0041365772485733
			P: "Lcl Rotation", "Lcl Rotation", "", "A+",-0.391203969717026,73.9316101074219,92.2083435058594
			P: "Lcl Scaling", "Lcl Scaling", "", "A+",1,1.00000011920929,1
		}
		Shading: Y
		Culling: "CullingOff"
	}
	Model: 2404647446320, "Model::upper_arm.R", "LimbNode" {
		Version: 232
		Properties70:  {
			P: "RotationActive", "bool", "", "",1
			P: "InheritType", "enum", "", "",1
			P: "ScalingMax", "Vector3D", "Vector", "",0,0,0
			P: "DefaultAttributeIndex", "int", "Integer", "",0
			P: "Lcl Translation", "Lcl Translation", "", "A+",0.00921773910522461,0.178763568401337,-0.0196847915649414
			P: "Lcl Rotation", "Lcl Rotation", "", "A+",-95.5035095214844,-20.8782444000244,102.280548095703
			P: "Lcl Scaling", "Lcl Scaling", "", "A+",0.999999821186066,1,0.999999821186066
		}
		Shading: Y
		Culling: "CullingOff"
	}
	Model: 2404647458320, "Model::forearm.R", "LimbNode" {
		Version: 232
		Properties70:  {
			P: "RotationActive", "bool", "", "",1
			P: "InheritType", "enum", "", "",1
			P: "ScalingMax", "Vector3D", "Vector", "",0,0,0
			P: "DefaultAttributeIndex", "int", "Integer", "",0
			P: "Lcl Translation", "Lcl Translation", "", "A+",2.38418579101562e-07,0.197035610675812,0
			P: "Lcl Rotation", "Lcl Rotation", "", "A+",90.3894958496094,9.12614440917969,-8.51589965820312
			P: "Lcl Scaling", "Lcl Scaling", "", "A+",0.999999821186066,0.999999821186066,0.999999821186066
		}
		Shading: Y
		Culling: "CullingOff"
	}
	Model: 2404647438320, "Model::hand.R", "LimbNode" {
		Version: 232
		Properties70:  {
			P: "RotationActive", "bool", "", "",1
			P: "InheritType", "enum", "", "",1
			P: "ScalingMax", "Vector3D", "Vector", "",0,0,0
			P: "DefaultAttributeIndex", "int", "Integer", "",0
			P: "Lcl Translation", "Lcl Translation", "", "A+",1.19209289550781e-07,0.242479562759399,1.78813934326172e-07
			P: "Lcl Rotation", "Lcl Rotation", "", "A+",5.62284851074219,-11.6847381591797,-11.3940277099609
			P: "Lcl Scaling", "Lcl Scaling", "", "A+",0.999999821186066,1,1.00000011920929
		}
		Shading: Y
		Culling: "CullingOff"
	}
	Model: 2404647444320, "Model::pelvis.L", "LimbNode" {
		Version: 232
		Properties70:  {
			P: "RotationActive", "bool", "", "",1
			P: "InheritType", "enum", "", "",1
			P: "ScalingMax", "Vector3D", "Vector", "",0,0,0
			P: "DefaultAttributeIndex", "int", "Integer", "",0
			P: "Lcl Translation", "Lcl Translation", "", "A+",0,0.00805620010942221,-0.0206966008991003
			P: "Lcl Rotation", "Lcl Rotation", "", "A+",117.19588470459,-75.9131393432617,-163.189834594727
			P: "Lcl Scaling", "Lcl Scaling", "", "A+",1.00000011920929,1.00000011920929,1
		}
		Shading: Y
		Culling: "CullingOff"
	}
	Model: 2404647440320, "Model::pelvis.R", "LimbNode" {
		Version: 232
		Properties70:  {
			P: "RotationActive", "bool", "", "",1
			P: "InheritType", "enum", "", "",1
			P: "ScalingMax", "Vector3D", "Vector", "",0,0,0
			P: "DefaultAttributeIndex", "int", "Integer", "",0
			P: "Lcl Translation", "Lcl Translation", "", "A+",0,0.00805620010942221,-0.0206966008991003
			P: "Lcl Rotation", "Lcl Rotation", "", "A+",117.195762634277,75.9132080078125,163.18977355957
			P: "Lcl Scaling", "Lcl Scaling", "", "A+",1.00000011920929,1,1
		}
		Shading: Y
		Culling: "CullingOff"
	}
	Model: 2404647448320, "Model::thigh.L", "LimbNode" {
		Version: 232
		Properties70:  {
			P: "RotationActive", "bool", "", "",1
			P: "InheritType", "enum", "", "",1
			P: "ScalingMax", "Vector3D", "Vector", "",0,0,0
			P: "DefaultAttributeIndex", "int", "Integer", "",0
			P: "Lcl Translation", "Lcl Translation", "", "A+",0.10521475225687,0.0975490808486938,-0.00724318623542786
			P: "Lcl Rotation", "Lcl Rotation", "", "A+",174.079086303711,2.67579388618469,7.48434543609619
			P: "Lcl Scaling", "Lcl Scaling", "", "A+",1.00000011920929,1.00000011920929,1.00000584125519
		}
		Shading: Y
		Culling: "CullingOff"
	}
	Model: 2404647442320, "Model::shin.L", "LimbNode" {
		Version: 232
		Properties70:  {
			P: "RotationActive", "bool", "", "",1
			P: "InheritType", "enum", "", "",1
			P: "ScalingMax", "Vector3D", "Vector", "",0,0,0
			P: "DefaultAttributeIndex", "int", "Integer", "",0
			P: "Lcl Translation", "Lcl Translation", "", "A+",-5.96046447753906e-08,0.391098529100418,1.48080289363861e-07
			P: "Lcl Rotation", "Lcl Rotation", "", "A+",26.3311309814453,0.526779174804688,-2.29032897949219
			P: "Lcl Scaling", "Lcl Scaling", "", "A+",1,0.999999821186066,1
		}
		Shading: Y
		Culling: "CullingOff"
	}
	Model: 2404647450320, "Model::foot.L", "LimbNode" {
		Version: 232
		Properties70:  {
			P: "RotationActive", "bool", "", "",1
			P: "InheritType", "enum", "", "",1
			P: "ScalingMax", "Vector3D", "Vector", "",0,0,0
			P: "DefaultAttributeIndex", "int", "Integer", "",0
			P: "Lcl Translation", "Lcl Translation", "", "A+",1.19209289550781e-07,0.407674223184586,-2.23517417907715e-07
			P: "Lcl Rotation", "Lcl Rotation", "", "A+",-84.4995803833008,21.9401912689209,0.572303116321564
			P: "Lcl Scaling", "Lcl Scaling", "", "A+",1,0.999999821186066,0.999999821186066
		}
		Shading: Y
		Culling: "CullingOff"
	}
	Model: 2404647452320, "Model::toe.L", "LimbNode" {
		Version: 232
		Properties70:  {
			P: "RotationActive", "bool", "", "",1
			P: "InheritType", "enum", "", "",1
			P: "ScalingMax", "Vector3D", "Vector", "",0,0,0
			P: "DefaultAttributeIndex", "int", "Integer", "",0
			P: "Lcl Translation", "Lcl Translation", "", "A+",-2.68220901489258e-07,0.130335733294487,-1.41561031341553e-07
			P: "Lcl Rotation", "Lcl Rotation", "", "A+",-141.940673828125,-0.03717041015625,-177.988815307617
			P: "Lcl Scaling", "Lcl Scaling", "", "A+",0.999999821186066,0.999999821186066,1
		}
		Shading: Y
		Culling: "CullingOff"
	}
	Model: 2400424998672, "Model::thigh.R", "LimbNode" {
		Version: 232
		Properties70:  {
			P: "RotationActive", "bool", "", "",1
			P: "InheritType", "enum", "", "",1
			P: "ScalingMax", "Vector3D", "Vector", "",0,0,0
			P: "DefaultAttributeIndex", "int", "Integer", "",0
			P: "Lcl Translation", "Lcl Translation", "", "A+",-0.105214729905128,0.0975491404533386,-0.00724323093891144
			P: "Lcl Rotation", "Lcl Rotation", "", "A+",138.406127929688,-24.6085357666016,-0.17266845703125
			P: "Lcl Scaling", "Lcl Scaling", "", "A+",0.999999821186066,1,1.00000071525574
		}
		Shading: Y
		Culling: "CullingOff"
	}
	Model: 2400424984672, "Model::shin.R", "LimbNode" {
		Version: 232
		Properties70:  {
			P: "RotationActive", "bool", "", "",1
			P: "InheritType", "enum", "", "",1
			P: "ScalingMax", "Vector3D", "Vector", "",0,0,0
			P: "DefaultAttributeIndex", "int", "Integer", "",0
			P: "Lcl Translation", "Lcl Translation", "", "A+",1.11758708953857e-07,0.39109855890274,1.19209289550781e-07
			P: "Lcl Rotation", "Lcl Rotation", "", "A+",34.5609550476074,-0.676395058631897,2.21511626243591
			P: "Lcl Scaling", "Lcl Scaling", "", "A+",0.999999821186066,0.999999821186066,0.999999821186066
		}
		Shading: Y
		Culling: "CullingOff"
	}
	Model: 2400425004672, "Model::foot.R", "LimbNode" {
		Version: 232
		Properties70:  {
			P: "RotationActive", "bool", "", "",1
			P: "InheritType", "enum", "", "",1
			P: "ScalingMax", "Vector3D", "Vector", "",0,0,0
			P: "DefaultAttributeIndex", "int", "Integer", "",0
			P: "Lcl Translation", "Lcl Translation", "", "A+",-1.11758708953857e-07,0.407674700021744,-1.04308128356934e-07
			P: "Lcl Rotation", "Lcl Rotation", "", "A+",-62.842887878418,8.14559936523438,-2.56404113769531
		}
		Shading: Y
		Culling: "CullingOff"
	}
	Model: 2400425000672, "Model::toe.R", "LimbNode" {
		Version: 232
		Properties70:  {
			P: "RotationActive", "bool", "", "",1
			P: "InheritType", "enum", "", "",1
			P: "ScalingMax", "Vector3D", "Vector", "",0,0,0
			P: "DefaultAttributeIndex", "int", "Integer", "",0
			P: "Lcl Translation", "Lcl Translation", "", "A+",0,0.130336299538612,-5.96046447753906e-08
			P: "Lcl Rotation", "Lcl Rotation", "", "A+",-150.941879272461,-0.293975174427032,177.805786132812
			P: "Lcl Scaling", "Lcl Scaling", "", "A+",0.999999821186066,0.999999701976776,1
		}
		Shading: Y
		Culling: "CullingOff"
	}
	Pose: 2404757848752, "Pose::BindPose", "BindPose" {
		Type: "BindPose"
		Version: 100
		NbPoseNodes: 25
		PoseNode:  {
			Node: 2400553474016
			Matrix: *16 {
				a: 99.9999999999965,0,2.6631610894334e-05,0,2.66316108943338e-05,1.33158054421881e-05,-99.9999999999956,0,-3.54621349281009e-12,99.9999999999991,1.33158054421876e-05,0,0,0,0,1
			} 
		}
		PoseNode:  {
			Node: 2400425000672
			Matrix: *16 {
				a: -0.999253456254516,0.0382863854541142,0.00513081128351046,0,0.0309774276481443,0.873581697818298,-0.485690045365196,0,-0.0230775101245256,-0.485168748510735,-0.87411596141186,0,0,0.130336299538612,-5.9604644747635e-08,1
			} 
		}
		PoseNode:  {
			Node: 2400425004672
			Matrix: *16 {
				a: 0.988920150023569,-0.0442846922567804,-0.141689106529342,0,-0.105523885421117,0.461614908257496,-0.880781690363767,0,0.104410950014795,0.885974346415373,0.451827191535505,0,-1.11758708967735e-07,0.407674700021744,-1.04308128329178e-07,1
			} 
		}
		PoseNode:  {
			Node: 2400424984672
			Matrix: *16 {
				a: 0.999182945244839,0.0386487416145293,0.0118050444990816,0,-0.0385221442067617,0.822648779336813,0.567243045469513,0,0.0122118266334484,-0.567234433897862,0.823465609884839,0,1.1175870893998e-07,0.391098558902741,1.19209289661804e-07,1
			} 
		}
		PoseNode:  {
			Node: 2400424998672
			Matrix: *16 {
				a: 0.909169791475951,-0.0027399124622154,0.416416168657556,0,-0.278688897426191,-0.747032622277512,0.603551787094163,0,0.309423060013533,-0.664782209692138,-0.67994368452151,0,-0.105214729905128,0.0975491404533386,-0.00724323093891141,1
			} 
		}
		PoseNode:  {
			Node: 2404647452320
			Matrix: *16 {
				a: -0.999383606246951,-0.0350945731671766,0.000648745880032053,0,-0.0280322106036129,0.786873650864139,-0.616476840697668,0,0.021124518107346,-0.616115254345265,-0.787372686913764,0,-2.68220901517013e-07,0.130335733294487,-1.41561031355431e-07,1
			} 
		}
		PoseNode:  {
			Node: 2404647450320
			Matrix: *16 {
				a: 0.927528113507235,0.00926499104960364,-0.373638540028408,0,-0.372856919331065,0.0921333745747821,-0.923303201212133,0,0.0258701836687111,0.995703391393831,0.0889108111307881,0,1.19209289550781e-07,0.407674223184586,-2.23517417907715e-07,1
			} 
		}
		PoseNode:  {
			Node: 2404647442320
			Matrix: *16 {
				a: 0.999158923729531,-0.039961447756553,-0.00919390150293753,0,0.0398915496793051,0.895366468108719,0.443539394443003,0,-0.00949256691958572,-0.443533182271783,0.896207680951878,0,-5.96046447753906e-08,0.391098529100418,1.480802893708e-07,1
			} 
		}
		PoseNode:  {
			Node: 2404647448320
			Matrix: *16 {
				a: 0.990399581393221,0.130113297620907,-0.046684444699911,0,0.134335168926917,-0.985564006099023,0.103043149651083,0,-0.0326034070131003,-0.108325861973452,-0.993586537762737,0,0.10521475225687,0.0975490808486937,-0.00724318623542786,1
			} 
		}
		PoseNode:  {
			Node: 2404647440320
			Matrix: *16 {
				a: -0.232990826899385,0.0703894564788084,-0.969928264056653,0,-0.693662744049069,0.686998135416585,0.216484547837604,0,0.681577057302798,0.723241928770754,-0.111237706855265,0,0,0.00805620010942232,-0.0206966008991003,1
			} 
		}
		PoseNode:  {
			Node: 2404647444320
			Matrix: *16 {
				a: -0.232992014595565,-0.0703895444451905,0.969927972370161,0,0.693661858100815,0.686998944235832,0.216485370530137,0,-0.681577637112985,0.723241229714369,-0.111238699330437,0,0,0.00805620010942232,-0.0206966008991003,1
			} 
		}
		PoseNode:  {
			Node: 2404647438320
			Matrix: *16 {
				a: 0.95997681057795,-0.193461148419372,0.202526416985559,0,0.177152189248016,0.979495191783131,0.0959493153616143,0,-0.216936181038344,-0.0562311363466144,0.974565026604311,0,1.19209289550781e-07,0.242479562759399,1.78813934326172e-07,1
			} 
		}
		PoseNode:  {
			Node: 2404647458320
			Matrix: *16 {
				a: 0.976455730841526,-0.146209318291325,-0.158608585277373,0,0.155849606811981,-0.0302098115527706,0.987318545209529,0,-0.149146733572863,-0.988792114098255,-0.00671188005057223,0,2.38418579157074e-07,0.197035610675812,-1.11022302462516e-16,1
			} 
		}
		PoseNode:  {
			Node: 2404647446320
			Matrix: *16 {
				a: -0.198732808048115,0.912959987119233,0.356383186046599,0,0.0182593516416363,0.367022444421637,-0.93003286037021,0,-0.979883416317644,-0.178320716005201,-0.0896094584361489,0,0.00921773910522461,0.178763568401337,-0.0196847915649414,1
			} 
		}
		PoseNode:  {
			Node: 2404647454320
			Matrix: *16 {
				a: -0.0106654284196563,0.276578985299124,-0.960932002551446,0,-0.998981325747311,-0.0450885554047998,-0.00188981434202401,0,-0.0438497135431136,0.959932855749356,0.27677809717366,0,-0.027140349149704,0.190253973007202,0.0041365772485733,1
			} 
		}
		PoseNode:  {
			Node: 2404647436320
			Matrix: *16 {
				a: 0.909697630802767,-0.0518700173055228,0.41201864543819,0,-0.0476115446326695,0.972598352341427,0.227564465241023,0,-0.412532428437304,-0.22663169901143,0.882300805203632,0,-5.96046446643683e-08,0.242479681968689,-1.49011611882965e-07,1
			} 
		}
		PoseNode:  {
			Node: 2404647434320
			Matrix: *16 {
				a: 0.988728464671075,0.12600457622901,0.0808610678305122,0,-0.13431346643006,0.507883806289603,0.850889872084801,0,0.0661480144955703,-0.852160071906288,0.519083473082089,0,5.96046446643683e-08,0.197035729885101,1.19209289550781e-07,1
			} 
		}
		PoseNode:  {
			Node: 2404647432320
			Matrix: *16 {
				a: -0.581050717588574,-0.50903094327879,-0.635033512796378,0,0.45867443244159,0.439739196820753,-0.772170218394873,0,0.672307661512673,-0.739943695562135,-0.0220312968609155,0,-0.00921797752380371,0.178763583302498,-0.0196849107742312,1
			} 
		}
		PoseNode:  {
			Node: 2404647462320
			Matrix: *16 {
				a: -0.0526735567138408,-0.274289241751703,0.960203390253624,0,0.996683249370468,-0.0741664452580355,0.0334885233218258,0,0.0620293416022083,0.958782766130694,0.27728615277964,0,0.0271403789520264,0.190253973007202,0.00413660705089569,1
			} 
		}
		PoseNode:  {
			Node: 2404647460320
			Matrix: *16 {
				a: 0.934964711316216,0.145426769177778,0.323561498636503,0,0.0493414744080591,0.849928122391474,-0.524582927708772,0,-0.351292480172792,0.506431617528083,0.787477371193572,0,5.9604644747635e-08,0.11762547492981,5.96046446643683e-08,1
			} 
		}
		PoseNode:  {
			Node: 2404647456320
			Matrix: *16 {
				a: 0.990758311701026,0.0108925308608805,0.135201037595047,0,-0.0535693947008506,0.947162209603061,0.316250009725264,0,-0.124612528236005,-0.320569906135353,0.938992170073406,0,2.98023223876953e-08,0.184120297431946,-1.49011612493588e-08,1
			} 
		}
		PoseNode:  {
			Node: 2399574839088
			Matrix: *16 {
				a: 0.999692518418957,0.0247776003992086,0.000969090099258718,0,-0.0247090859593255,0.992126072176713,0.122780130112431,0,0.00208073744712572,-0.122766322814469,0.992433243541576,0,-3.72529029846191e-08,0.135405242443085,3.35276126792183e-08,1
			} 
		}
		PoseNode:  {
			Node: 2399574833088
			Matrix: *16 {
				a: 1,-1.38777878078145e-16,1.11022302462516e-16,0,1.52655665885959e-16,0.975782354386119,-0.218743678465648,0,-1.66533453693773e-16,0.218743678465648,0.975782354386119,0,0,0.126452401280403,0,1
			} 
		}
		PoseNode:  {
			Node: 2400553478016
			Matrix: *16 {
				a: 0.999466667404009,0.0322107507619087,-0.005371059828219,0,-0.0306017815218697,0.981262336664938,0.19022986091231,0,0.0113978687515534,-0.189964097741057,0.981724996409861,0,7.45058059692383e-09,0.156536400318146,3.72529029846191e-08,1
			} 
		}
		PoseNode:  {
			Node: 2400553496016
			Matrix: *16 {
				a: 0.882553206313871,0.467562644997451,0.0498498849356204,0,0.0274292165664012,-0.157027535212886,0.987213245081081,0,0.469411840608713,-0.86990087147212,-0.151410031729691,0,0.0296591818332672,0.00257509993389249,0.724513351917267,1
			} 
		}
	}
	AnimationStack: 2399179157024, "AnimStack::guard-stunned", "" {
	}
	AnimationCurve: 2399189187904, "AnimCurve::", "" {
		Default: 0
		KeyVer: 4009
		KeyTime: *4 {
			a: 0,23093079000,47725696600,72358314200
		} 
		KeyValueFloat: *4 {
			a: 0,0,0,0
		} 
		;KeyAttrFlags: Cubic|TangeantAuto|GenericTimeIndependent, Cubic|TangeantAuto|GenericTimeIndependent, Cubic|TangeantAuto|GenericTimeIndependent, Cubic|TangeantAuto|GenericTimeIndependent
		KeyAttrFlags: *4 {
			a: 8456,8456,8456,8456
		} 
		;KeyAttrDataFloat: RightAuto:0, NextLeftAuto:0; RightAuto:0, NextLeftAuto:0; RightAuto:0, NextLeftAuto:0; RightAuto:0, NextLeftAuto:0
		KeyAttrDataFloat: *16 {
			a: 0,0,218434821,0,0,0,218434821,0,0,0,218434821,0,0,0,218434821,0
		} 
		KeyAttrRefCount: *4 {
			a: 1,1,1,1
		} 
	}
	AnimationCurve: 2399189190144, "AnimCurve::", "" {
		Default: 0
		KeyVer: 4009
		KeyTime: *4 {
			a: 0,23093079000,47725696600,72358314200
		} 
		KeyValueFloat: *4 {
			a: 0,0,0,0
		} 
		;KeyAttrFlags: Cubic|TangeantAuto|GenericTimeIndependent, Cubic|TangeantAuto|GenericTimeIndependent, Cubic|TangeantAuto|GenericTimeIndependent, Cubic|TangeantAuto|GenericTimeIndependent
		KeyAttrFlags: *4 {
			a: 8456,8456,8456,8456
		} 
		;KeyAttrDataFloat: RightAuto:0, NextLeftAuto:0; RightAuto:0, NextLeftAuto:0; RightAuto:0, NextLeftAuto:0; RightAuto:0, NextLeftAuto:0
		KeyAttrDataFloat: *16 {
			a: 0,0,218434821,0,0,0,218434821,0,0,0,218434821,0,0,0,218434821,0
		} 
		KeyAttrRefCount: *4 {
			a: 1,1,1,1
		} 
	}
	AnimationCurve: 2399189193184, "AnimCurve::", "" {
		Default: 0
		KeyVer: 4009
		KeyTime: *4 {
			a: 0,23093079000,47725696600,72358314200
		} 
		KeyValueFloat: *4 {
			a: 0,0,0,0
		} 
		;KeyAttrFlags: Cubic|TangeantAuto|GenericTimeIndependent, Cubic|TangeantAuto|GenericTimeIndependent, Cubic|TangeantAuto|GenericTimeIndependent, Cubic|TangeantAuto|GenericTimeIndependent
		KeyAttrFlags: *4 {
			a: 8456,8456,8456,8456
		} 
		;KeyAttrDataFloat: RightAuto:0, NextLeftAuto:0; RightAuto:0, NextLeftAuto:0; RightAuto:0, NextLeftAuto:0; RightAuto:0, NextLeftAuto:0
		KeyAttrDataFloat: *16 {
			a: 0,0,218434821,0,0,0,218434821,0,0,0,218434821,0,0,0,218434821,0
		} 
		KeyAttrRefCount: *4 {
			a: 1,1,1,1
		} 
	}
	AnimationCurve: 2399189188064, "AnimCurve::", "" {
		Default: -89.9999847412109
		KeyVer: 4009
		KeyTime: *4 {
			a: 0,23093079000,47725696600,72358314200
		} 
		KeyValueFloat: *4 {
			a: -89.99998,-89.99998,-89.99998,-89.99998
		} 
		;KeyAttrFlags: Cubic|TangeantAuto|GenericTimeIndependent, Cubic|TangeantAuto|GenericTimeIndependent, Cubic|TangeantAuto|GenericTimeIndependent, Cubic|TangeantAuto|GenericTimeIndependent
		KeyAttrFlags: *4 {
			a: 8456,8456,8456,8456
		} 
		;KeyAttrDataFloat: RightAuto:0, NextLeftAuto:0; RightAuto:0, NextLeftAuto:0; RightAuto:0, NextLeftAuto:0; RightAuto:0, NextLeftAuto:0
		KeyAttrDataFloat: *16 {
			a: 0,0,218434821,0,0,0,218434821,0,0,0,218434821,0,0,0,218434821,0
		} 
		KeyAttrRefCount: *4 {
			a: 1,1,1,1
		} 
	}
	AnimationCurve: 2399189192864, "AnimCurve::", "" {
		Default: 89.9999847412109
		KeyVer: 4009
		KeyTime: *4 {
			a: 0,23093079000,47725696600,72358314200
		} 
		KeyValueFloat: *4 {
			a: 89.99998,89.99998,89.99998,89.99998
		} 
		;KeyAttrFlags: Cubic|TangeantAuto|GenericTimeIndependent, Cubic|TangeantAuto|GenericTimeIndependent, Cubic|TangeantAuto|GenericTimeIndependent, Cubic|TangeantAuto|GenericTimeIndependent
		KeyAttrFlags: *4 {
			a: 8456,8456,8456,8456
		} 
		;KeyAttrDataFloat: RightAuto:0, NextLeftAuto:0; RightAuto:0, NextLeftAuto:0; RightAuto:0, NextLeftAuto:0; RightAuto:0, NextLeftAuto:0
		KeyAttrDataFloat: *16 {
			a: 0,0,218434821,0,0,0,218434821,0,0,0,218434821,0,0,0,218434821,0
		} 
		KeyAttrRefCount: *4 {
			a: 1,1,1,1
		} 
	}
	AnimationCurve: 2399189189344, "AnimCurve::", "" {
		Default: 0
		KeyVer: 4009
		KeyTime: *4 {
			a: 0,23093079000,47725696600,72358314200
		} 
		KeyValueFloat: *4 {
			a: 0,0,0,0
		} 
		;KeyAttrFlags: Cubic|TangeantAuto|GenericTimeIndependent, Cubic|TangeantAuto|GenericTimeIndependent, Cubic|TangeantAuto|GenericTimeIndependent, Cubic|TangeantAuto|GenericTimeIndependent
		KeyAttrFlags: *4 {
			a: 8456,8456,8456,8456
		} 
		;KeyAttrDataFloat: RightAuto:0, NextLeftAuto:0; RightAuto:0, NextLeftAuto:0; RightAuto:0, NextLeftAuto:0; RightAuto:0, NextLeftAuto:0
		KeyAttrDataFloat: *16 {
			a: 0,0,218434821,0,0,0,218434821,0,0,0,218434821,0,0,0,218434821,0
		} 
		KeyAttrRefCount: *4 {
			a: 1,1,1,1
		} 
	}
	AnimationCurve: 2399189190304, "AnimCurve::", "" {
		Default: 100
		KeyVer: 4009
		KeyTime: *4 {
			a: 0,23093079000,47725696600,72358314200
		} 
		KeyValueFloat: *4 {
			a: 100,100,100,100
		} 
		;KeyAttrFlags: Cubic|TangeantAuto|GenericTimeIndependent, Cubic|TangeantAuto|GenericTimeIndependent, Cubic|TangeantAuto|GenericTimeIndependent, Cubic|TangeantAuto|GenericTimeIndependent
		KeyAttrFlags: *4 {
			a: 8456,8456,8456,8456
		} 
		;KeyAttrDataFloat: RightAuto:0, NextLeftAuto:0; RightAuto:0, NextLeftAuto:0; RightAuto:0, NextLeftAuto:0; RightAuto:0, NextLeftAuto:0
		KeyAttrDataFloat: *16 {
			a: 0,0,218434821,0,0,0,218434821,0,0,0,218434821,0,0,0,218434821,0
		} 
		KeyAttrRefCount: *4 {
			a: 1,1,1,1
		} 
	}
	AnimationCurve: 2399189190464, "AnimCurve::", "" {
		Default: 100
		KeyVer: 4009
		KeyTime: *4 {
			a: 0,23093079000,47725696600,72358314200
		} 
