; FBX 7.7.0 project file
; ----------------------------------------------------

FBXHeaderExtension:  {
	FBXHeaderVersion: 1004
	FBXVersion: 7700
	CreationTimeStamp:  {
		Version: 1000
		Year: 2023
		Month: 3
		Day: 21
		Hour: 23
		Minute: 6
		Second: 31
		Millisecond: 624
	}
	Creator: "FBX SDK/FBX Plugins version 2020.2"
	OtherFlags:  {
		TCDefinition: 127
	}
	SceneInfo: "SceneInfo::GlobalInfo", "UserData" {
		Type: "UserData"
		Version: 100
		MetaData:  {
			Version: 100
			Title: ""
			Subject: ""
			Author: ""
			Keywords: ""
			Revision: ""
			Comment: ""
		}
		Properties70:  {
			P: "DocumentUrl", "KString", "Url", "", "C:\Users\patri\Documents\work-folder\game-dev\Unity\uppercut-city\Assets\Characters\Common\BoxerAnimations\jab-low-followthrough.fbx"
			P: "SrcDocumentUrl", "KString", "Url", "", "C:\Users\patri\Documents\work-folder\game-dev\Unity\uppercut-city\Assets\Characters\Common\BoxerAnimations\jab-low-followthrough.fbx"
			P: "Original", "Compound", "", ""
			P: "Original|ApplicationVendor", "KString", "", "", ""
			P: "Original|ApplicationName", "KString", "", "", ""
			P: "Original|ApplicationVersion", "KString", "", "", ""
			P: "Original|DateTime_GMT", "DateTime", "", "", ""
			P: "Original|FileName", "KString", "", "", ""
			P: "LastSaved", "Compound", "", ""
			P: "LastSaved|ApplicationVendor", "KString", "", "", ""
			P: "LastSaved|ApplicationName", "KString", "", "", ""
			P: "LastSaved|ApplicationVersion", "KString", "", "", ""
			P: "LastSaved|DateTime_GMT", "DateTime", "", "", ""
		}
	}
}
GlobalSettings:  {
	Version: 1000
	Properties70:  {
		P: "UpAxis", "int", "Integer", "",1
		P: "UpAxisSign", "int", "Integer", "",1
		P: "FrontAxis", "int", "Integer", "",2
		P: "FrontAxisSign", "int", "Integer", "",1
		P: "CoordAxis", "int", "Integer", "",0
		P: "CoordAxisSign", "int", "Integer", "",1
		P: "OriginalUpAxis", "int", "Integer", "",-1
		P: "OriginalUpAxisSign", "int", "Integer", "",1
		P: "UnitScaleFactor", "double", "Number", "",1
		P: "OriginalUnitScaleFactor", "double", "Number", "",1
		P: "AmbientColor", "ColorRGB", "Color", "",0,0,0
		P: "DefaultCamera", "KString", "", "", "Producer Perspective"
		P: "TimeMode", "enum", "", "",6
		P: "TimeProtocol", "enum", "", "",2
		P: "SnapOnFrameMode", "enum", "", "",0
		P: "TimeSpanStart", "KTime", "Time", "",0
		P: "TimeSpanStop", "KTime", "Time", "",46186158000
		P: "CustomFrameRate", "double", "Number", "",-1
		P: "TimeMarker", "Compound", "", ""
		P: "CurrentTimeMarker", "int", "Integer", "",-1
	}
}

; Documents Description
;------------------------------------------------------------------

Documents:  {
	Count: 1
	Document: 3080579956464, "myScene", "Scene" {
		Properties70:  {
			P: "SourceObject", "object", "", ""
			P: "ActiveAnimStackName", "KString", "", "", ""
		}
		RootNode: 0
	}
}

; Document References
;------------------------------------------------------------------

References:  {
}

; Object definitions
;------------------------------------------------------------------

Definitions:  {
	Version: 100
	Count: 354
	ObjectType: "GlobalSettings" {
		Count: 1
	}
	ObjectType: "NodeAttribute" {
		Count: 25
		PropertyTemplate: "FbxNull" {
			Properties70:  {
				P: "Color", "ColorRGB", "Color", "",0.8,0.8,0.8
				P: "Size", "double", "Number", "",100
				P: "Look", "enum", "", "",1
			}
		}
	}
	ObjectType: "Model" {
		Count: 25
		PropertyTemplate: "FbxNode" {
			Properties70:  {
				P: "QuaternionInterpolate", "enum", "", "",0
				P: "RotationOffset", "Vector3D", "Vector", "",0,0,0
				P: "RotationPivot", "Vector3D", "Vector", "",0,0,0
				P: "ScalingOffset", "Vector3D", "Vector", "",0,0,0
				P: "ScalingPivot", "Vector3D", "Vector", "",0,0,0
				P: "TranslationActive", "bool", "", "",0
				P: "TranslationMin", "Vector3D", "Vector", "",0,0,0
				P: "TranslationMax", "Vector3D", "Vector", "",0,0,0
				P: "TranslationMinX", "bool", "", "",0
				P: "TranslationMinY", "bool", "", "",0
				P: "TranslationMinZ", "bool", "", "",0
				P: "TranslationMaxX", "bool", "", "",0
				P: "TranslationMaxY", "bool", "", "",0
				P: "TranslationMaxZ", "bool", "", "",0
				P: "RotationOrder", "enum", "", "",0
				P: "RotationSpaceForLimitOnly", "bool", "", "",0
				P: "RotationStiffnessX", "double", "Number", "",0
				P: "RotationStiffnessY", "double", "Number", "",0
				P: "RotationStiffnessZ", "double", "Number", "",0
				P: "AxisLen", "double", "Number", "",10
				P: "PreRotation", "Vector3D", "Vector", "",0,0,0
				P: "PostRotation", "Vector3D", "Vector", "",0,0,0
				P: "RotationActive", "bool", "", "",0
				P: "RotationMin", "Vector3D", "Vector", "",0,0,0
				P: "RotationMax", "Vector3D", "Vector", "",0,0,0
				P: "RotationMinX", "bool", "", "",0
				P: "RotationMinY", "bool", "", "",0
				P: "RotationMinZ", "bool", "", "",0
				P: "RotationMaxX", "bool", "", "",0
				P: "RotationMaxY", "bool", "", "",0
				P: "RotationMaxZ", "bool", "", "",0
				P: "InheritType", "enum", "", "",0
				P: "ScalingActive", "bool", "", "",0
				P: "ScalingMin", "Vector3D", "Vector", "",0,0,0
				P: "ScalingMax", "Vector3D", "Vector", "",1,1,1
				P: "ScalingMinX", "bool", "", "",0
				P: "ScalingMinY", "bool", "", "",0
				P: "ScalingMinZ", "bool", "", "",0
				P: "ScalingMaxX", "bool", "", "",0
				P: "ScalingMaxY", "bool", "", "",0
				P: "ScalingMaxZ", "bool", "", "",0
				P: "GeometricTranslation", "Vector3D", "Vector", "",0,0,0
				P: "GeometricRotation", "Vector3D", "Vector", "",0,0,0
				P: "GeometricScaling", "Vector3D", "Vector", "",1,1,1
				P: "MinDampRangeX", "double", "Number", "",0
				P: "MinDampRangeY", "double", "Number", "",0
				P: "MinDampRangeZ", "double", "Number", "",0
				P: "MaxDampRangeX", "double", "Number", "",0
				P: "MaxDampRangeY", "double", "Number", "",0
				P: "MaxDampRangeZ", "double", "Number", "",0
				P: "MinDampStrengthX", "double", "Number", "",0
				P: "MinDampStrengthY", "double", "Number", "",0
				P: "MinDampStrengthZ", "double", "Number", "",0
				P: "MaxDampStrengthX", "double", "Number", "",0
				P: "MaxDampStrengthY", "double", "Number", "",0
				P: "MaxDampStrengthZ", "double", "Number", "",0
				P: "PreferedAngleX", "double", "Number", "",0
				P: "PreferedAngleY", "double", "Number", "",0
				P: "PreferedAngleZ", "double", "Number", "",0
				P: "LookAtProperty", "object", "", ""
				P: "UpVectorProperty", "object", "", ""
				P: "Show", "bool", "", "",1
				P: "NegativePercentShapeSupport", "bool", "", "",1
				P: "DefaultAttributeIndex", "int", "Integer", "",-1
				P: "Freeze", "bool", "", "",0
				P: "LODBox", "bool", "", "",0
				P: "Lcl Translation", "Lcl Translation", "", "A",0,0,0
				P: "Lcl Rotation", "Lcl Rotation", "", "A",0,0,0
				P: "Lcl Scaling", "Lcl Scaling", "", "A",1,1,1
				P: "Visibility", "Visibility", "", "A",1
				P: "Visibility Inheritance", "Visibility Inheritance", "", "",1
			}
		}
	}
	ObjectType: "Pose" {
		Count: 1
	}
	ObjectType: "AnimationStack" {
		Count: 1
		PropertyTemplate: "FbxAnimStack" {
			Properties70:  {
				P: "Description", "KString", "", "", ""
				P: "LocalStart", "KTime", "Time", "",0
				P: "LocalStop", "KTime", "Time", "",0
				P: "ReferenceStart", "KTime", "Time", "",0
				P: "ReferenceStop", "KTime", "Time", "",0
			}
		}
	}
	ObjectType: "AnimationLayer" {
		Count: 1
		PropertyTemplate: "FbxAnimLayer" {
			Properties70:  {
				P: "Weight", "Number", "", "A",100
				P: "Mute", "bool", "", "",0
				P: "Solo", "bool", "", "",0
				P: "Lock", "bool", "", "",0
				P: "Color", "ColorRGB", "Color", "",0.8,0.8,0.8
				P: "BlendMode", "enum", "", "",0
				P: "RotationAccumulationMode", "enum", "", "",0
				P: "ScaleAccumulationMode", "enum", "", "",0
				P: "BlendModeBypass", "ULongLong", "", "",0
			}
		}
	}
	ObjectType: "AnimationCurveNode" {
		Count: 75
		PropertyTemplate: "FbxAnimCurveNode" {
			Properties70:  {
				P: "d", "Compound", "", ""
			}
		}
	}
	ObjectType: "AnimationCurve" {
		Count: 225
	}
}

; Object properties
;------------------------------------------------------------------

Objects:  {
	NodeAttribute: 3079804225728, "NodeAttribute::", "Null" {
		TypeFlags: "Null"
	}
	NodeAttribute: 3079107741168, "NodeAttribute::spine", "LimbNode" {
		Properties70:  {
			P: "Size", "double", "Number", "",3.28587698936462
		}
		TypeFlags: "Skeleton"
	}
	NodeAttribute: 3079107746928, "NodeAttribute::spine.001", "LimbNode" {
		Properties70:  {
			P: "Size", "double", "Number", "",2.95710468292236
		}
		TypeFlags: "Skeleton"
	}
	NodeAttribute: 3079107742704, "NodeAttribute::spine.002", "LimbNode" {
		Properties70:  {
			P: "Size", "double", "Number", "",2.50252175331116
		}
		TypeFlags: "Skeleton"
	}
	NodeAttribute: 3079107746544, "NodeAttribute::spine.003", "LimbNode" {
		Properties70:  {
			P: "Size", "double", "Number", "",3.05492115020752
		}
		TypeFlags: "Skeleton"
	}
	NodeAttribute: 3079107738096, "NodeAttribute::spine.004", "LimbNode" {
		Properties70:  {
			P: "Size", "double", "Number", "",5.68054151535034
		}
		TypeFlags: "Skeleton"
	}
	NodeAttribute: 3079107740400, "NodeAttribute::spine.005", "LimbNode" {
		Properties70:  {
			P: "Size", "double", "Number", "",6.89283752441406
		}
		TypeFlags: "Skeleton"
	}
	NodeAttribute: 3079107748464, "NodeAttribute::shoulder.L", "LimbNode" {
		Properties70:  {
			P: "Size", "double", "Number", "",3.00270175933838
		}
		TypeFlags: "Skeleton"
	}
	NodeAttribute: 3079107747696, "NodeAttribute::upper_arm.L", "LimbNode" {
		Properties70:  {
			P: "Size", "double", "Number", "",2.34677624702454
		}
		TypeFlags: "Skeleton"
	}
	NodeAttribute: 3079107748656, "NodeAttribute::forearm.L", "LimbNode" {
		Properties70:  {
			P: "Size", "double", "Number", "",3.18843913078308
		}
		TypeFlags: "Skeleton"
	}
	NodeAttribute: 3079107742896, "NodeAttribute::hand.L", "LimbNode" {
		Properties70:  {
			P: "Size", "double", "Number", "",5.47286701202393
		}
		TypeFlags: "Skeleton"
	}
	NodeAttribute: 3079107738672, "NodeAttribute::shoulder.R", "LimbNode" {
		Properties70:  {
			P: "Size", "double", "Number", "",3.00359797477722
		}
		TypeFlags: "Skeleton"
	}
	NodeAttribute: 3079107740976, "NodeAttribute::upper_arm.R", "LimbNode" {
		Properties70:  {
			P: "Size", "double", "Number", "",2.34828996658325
		}
		TypeFlags: "Skeleton"
	}
	NodeAttribute: 3079107743664, "NodeAttribute::forearm.R", "LimbNode" {
		Properties70:  {
			P: "Size", "double", "Number", "",3.13255071640015
		}
		TypeFlags: "Skeleton"
	}
	NodeAttribute: 3079107745392, "NodeAttribute::hand.R", "LimbNode" {
		Properties70:  {
			P: "Size", "double", "Number", "",5.54159164428711
		}
		TypeFlags: "Skeleton"
	}
	NodeAttribute: 3079107737712, "NodeAttribute::pelvis.L", "LimbNode" {
		Properties70:  {
			P: "Size", "double", "Number", "",3.16468071937561
		}
		TypeFlags: "Skeleton"
	}
	NodeAttribute: 3079107746736, "NodeAttribute::pelvis.R", "LimbNode" {
		Properties70:  {
			P: "Size", "double", "Number", "",3.1727466583252
		}
		TypeFlags: "Skeleton"
	}
	NodeAttribute: 3079107745776, "NodeAttribute::thigh.L", "LimbNode" {
		Properties70:  {
			P: "Size", "double", "Number", "",2.33007216453552
		}
		TypeFlags: "Skeleton"
	}
	NodeAttribute: 3079107736752, "NodeAttribute::shin.L", "LimbNode" {
		Properties70:  {
			P: "Size", "double", "Number", "",2.86792755126953
		}
		TypeFlags: "Skeleton"
	}
	NodeAttribute: 3079107747120, "NodeAttribute::foot.L", "LimbNode" {
		Properties70:  {
			P: "Size", "double", "Number", "",3.22272825241089
		}
		TypeFlags: "Skeleton"
	}
	NodeAttribute: 3079107744432, "NodeAttribute::toe.L", "LimbNode" {
		Properties70:  {
			P: "Size", "double", "Number", "",2.65555262565613
		}
		TypeFlags: "Skeleton"
	}
	NodeAttribute: 3079107745968, "NodeAttribute::thigh.R", "LimbNode" {
		Properties70:  {
			P: "Size", "double", "Number", "",2.33012890815735
		}
		TypeFlags: "Skeleton"
	}
	NodeAttribute: 3079107738288, "NodeAttribute::shin.R", "LimbNode" {
		Properties70:  {
			P: "Size", "double", "Number", "",2.86725783348083
		}
		TypeFlags: "Skeleton"
	}
	NodeAttribute: 3079107743472, "NodeAttribute::foot.R", "LimbNode" {
		Properties70:  {
			P: "Size", "double", "Number", "",3.22272825241089
		}
		TypeFlags: "Skeleton"
	}
	NodeAttribute: 3079107747312, "NodeAttribute::toe.R", "LimbNode" {
		Properties70:  {
			P: "Size", "double", "Number", "",2.65555262565613
		}
		TypeFlags: "Skeleton"
	}
	Model: 3079508887408, "Model::metarig", "Null" {
		Version: 232
		Properties70:  {
			P: "PreRotation", "Vector3D", "Vector", "",-0,-90,0
			P: "RotationActive", "bool", "", "",1
			P: "InheritType", "enum", "", "",1
			P: "ScalingMax", "Vector3D", "Vector", "",0,0,0
			P: "DefaultAttributeIndex", "int", "Integer", "",0
			P: "Lcl Rotation", "Lcl Rotation", "", "A+",-89.9999923706055,89.9999847412109,0
			P: "Lcl Scaling", "Lcl Scaling", "", "A+",100,100,100
		}
		Shading: Y
		Culling: "CullingOff"
	}
	Model: 3079508889408, "Model::spine", "LimbNode" {
		Version: 232
		Properties70:  {
			P: "RotationActive", "bool", "", "",1
			P: "InheritType", "enum", "", "",1
			P: "ScalingMax", "Vector3D", "Vector", "",0,0,0
			P: "DefaultAttributeIndex", "int", "Integer", "",0
			P: "Lcl Translation", "Lcl Translation", "", "A+",0.023037500679493,0.0672221854329109,0.643493354320526
			P: "Lcl Rotation", "Lcl Rotation", "", "A+",134.942794799805,-2.0588219165802,8.08206558227539
		}
		Shading: Y
		Culling: "CullingOff"
	}
	Model: 3079508905408, "Model::spine.001", "LimbNode" {
		Version: 232
		Properties70:  {
			P: "RotationActive", "bool", "", "",1
			P: "InheritType", "enum", "", "",1
			P: "ScalingMax", "Vector3D", "Vector", "",0,0,0
			P: "DefaultAttributeIndex", "int", "Integer", "",0
			P: "Lcl Translation", "Lcl Translation", "", "A+",0,0.156536340713501,2.98023223876953e-08
			P: "Lcl Rotation", "Lcl Rotation", "", "A+",21.3726577758789,-1.19965434074402,3.70103788375854
			P: "Lcl Scaling", "Lcl Scaling", "", "A+",1,0.999999821186066,1.00000011920929
		}
		Shading: Y
		Culling: "CullingOff"
	}
	Model: 3079508893408, "Model::spine.002", "LimbNode" {
		Version: 232
		Properties70:  {
			P: "RotationActive", "bool", "", "",1
			P: "InheritType", "enum", "", "",1
			P: "ScalingMax", "Vector3D", "Vector", "",0,0,0
			P: "DefaultAttributeIndex", "int", "Integer", "",0
			P: "Lcl Translation", "Lcl Translation", "", "A+",0,0.126452401280403,0
			P: "Lcl Rotation", "Lcl Rotation", "", "A+",-12.63525390625,-7.01670912670559e-15,-7.01670912670559e-15
		}
		Shading: Y
		Culling: "CullingOff"
	}
	Model: 3079508901408, "Model::spine.003", "LimbNode" {
		Version: 232
		Properties70:  {
			P: "RotationActive", "bool", "", "",1
			P: "InheritType", "enum", "", "",1
			P: "ScalingMax", "Vector3D", "Vector", "",0,0,0
			P: "DefaultAttributeIndex", "int", "Integer", "",0
			P: "Lcl Translation", "Lcl Translation", "", "A+",-1.49011611938477e-08,0.135405361652374,5.96046447753906e-08
			P: "Lcl Rotation", "Lcl Rotation", "", "A+",14.427695274353,-0.726295292377472,2.26796126365662
			P: "Lcl Scaling", "Lcl Scaling", "", "A+",1,0.999999821186066,0.999999821186066
		}
		Shading: Y
		Culling: "CullingOff"
	}
	Model: 3079508895408, "Model::spine.004", "LimbNode" {
		Version: 232
		Properties70:  {
			P: "RotationActive", "bool", "", "",1
			P: "InheritType", "enum", "", "",1
			P: "ScalingMax", "Vector3D", "Vector", "",0,0,0
			P: "DefaultAttributeIndex", "int", "Integer", "",0
			P: "Lcl Translation", "Lcl Translation", "", "A+",7.45058059692383e-08,0.184119999408722,-1.19209289550781e-07
			P: "Lcl Rotation", "Lcl Rotation", "", "A+",10.4905548095703,-1.37774658203125,-1.14117431640625
			P: "Lcl Scaling", "Lcl Scaling", "", "A+",1,1,0.999999821186066
		}
		Shading: Y
		Culling: "CullingOff"
	}
	Model: 3079508899408, "Model::spine.005", "LimbNode" {
		Version: 232
		Properties70:  {
			P: "RotationActive", "bool", "", "",1
			P: "InheritType", "enum", "", "",1
			P: "ScalingMax", "Vector3D", "Vector", "",0,0,0
			P: "DefaultAttributeIndex", "int", "Integer", "",0
			P: "Lcl Translation", "Lcl Translation", "", "A+",5.21540641784668e-08,0.117625653743744,-1.78813934326172e-07
			P: "Lcl Rotation", "Lcl Rotation", "", "A+",-45.0420074462891,-3.41255950927734,1.86859655380249
			P: "Lcl Scaling", "Lcl Scaling", "", "A+",1,0.999999821186066,1
		}
		Shading: Y
		Culling: "CullingOff"
	}
	Model: 3079508897408, "Model::shoulder.L", "LimbNode" {
		Version: 232
		Properties70:  {
			P: "RotationActive", "bool", "", "",1
			P: "InheritType", "enum", "", "",1
			P: "ScalingMax", "Vector3D", "Vector", "",0,0,0
			P: "DefaultAttributeIndex", "int", "Integer", "",0
			P: "Lcl Translation", "Lcl Translation", "", "A+",0.0271404534578323,0.190253734588623,0.00413638353347778
			P: "Lcl Rotation", "Lcl Rotation", "", "A+",47.8838348388672,-79.2176361083984,-136.991363525391
			P: "Lcl Scaling", "Lcl Scaling", "", "A+",0.999999821186066,0.999999821186066,0.999999821186066
		}
		Shading: Y
		Culling: "CullingOff"
	}
	Model: 3078973760352, "Model::upper_arm.L", "LimbNode" {
		Version: 232
		Properties70:  {
			P: "RotationActive", "bool", "", "",1
			P: "InheritType", "enum", "", "",1
			P: "ScalingMax", "Vector3D", "Vector", "",0,0,0
			P: "DefaultAttributeIndex", "int", "Integer", "",0
			P: "Lcl Translation", "Lcl Translation", "", "A+",-0.00921785831451416,0.178763553500175,-0.0196847319602966
			P: "Lcl Rotation", "Lcl Rotation", "", "A+",-37.4707183837891,19.1322326660156,-63.3831405639648
			P: "Lcl Scaling", "Lcl Scaling", "", "A+",1,0.999999821186066,0.999999821186066
		}
		Shading: Y
		Culling: "CullingOff"
	}
	Model: 3078973750352, "Model::forearm.L", "LimbNode" {
		Version: 232
		Properties70:  {
			P: "RotationActive", "bool", "", "",1
			P: "InheritType", "enum", "", "",1
			P: "ScalingMax", "Vector3D", "Vector", "",0,0,0
			P: "DefaultAttributeIndex", "int", "Integer", "",0
			P: "Lcl Translation", "Lcl Translation", "", "A+",1.78813934326172e-07,0.197036027908325,9.68575477600098e-08
			P: "Lcl Rotation", "Lcl Rotation", "", "A+",137.043258666992,-15.1918420791626,5.79172992706299
			P: "Lcl Scaling", "Lcl Scaling", "", "A+",0.999999821186066,0.999999821186066,1
		}
		Shading: Y
		Culling: "CullingOff"
	}
	Model: 3078973762352, "Model::hand.L", "LimbNode" {
		Version: 232
		Properties70:  {
			P: "RotationActive", "bool", "", "",1
			P: "InheritType", "enum", "", "",1
			P: "ScalingMax", "Vector3D", "Vector", "",0,0,0
			P: "DefaultAttributeIndex", "int", "Integer", "",0
			P: "Lcl Translation", "Lcl Translation", "", "A+",-3.57627868652344e-07,0.242479711771011,3.42726707458496e-07
			P: "Lcl Rotation", "Lcl Rotation", "", "A+",17.0647125244141,-42.8971405029297,-23.5583953857422
			P: "Lcl Scaling", "Lcl Scaling", "", "A+",0.999999821186066,1,0.999999821186066
		}
		Shading: Y
		Culling: "CullingOff"
	}
	Model: 3078973748352, "Model::shoulder.R", "LimbNode" {
		Version: 232
		Properties70:  {
			P: "RotationActive", "bool", "", "",1
			P: "InheritType", "enum", "", "",1
			P: "ScalingMax", "Vector3D", "Vector", "",0,0,0
			P: "DefaultAttributeIndex", "int", "Integer", "",0
			P: "Lcl Translation", "Lcl Translation", "", "A+",-0.0271402895450592,0.190253794193268,0.00413644313812256
			P: "Lcl Rotation", "Lcl Rotation", "", "A+",22.8905143737793,80.1316375732422,110.933219909668
			P: "Lcl Scaling", "Lcl Scaling", "", "A+",1,1.00000011920929,1
		}
		Shading: Y
		Culling: "CullingOff"
	}
	Model: 3079439875472, "Model::upper_arm.R", "LimbNode" {
		Version: 232
		Properties70:  {
			P: "RotationActive", "bool", "", "",1
			P: "InheritType", "enum", "", "",1
			P: "ScalingMax", "Vector3D", "Vector", "",0,0,0
			P: "DefaultAttributeIndex", "int", "Integer", "",0
			P: "Lcl Translation", "Lcl Translation", "", "A+",0.00921779870986938,0.17876361310482,-0.0196846127510071
			P: "Lcl Rotation", "Lcl Rotation", "", "A+",-90.0256118774414,-56.1317977905273,77.8514175415039
			P: "Lcl Scaling", "Lcl Scaling", "", "A+",0.999999821186066,1,0.999999821186066
		}
		Shading: Y
		Culling: "CullingOff"
	}
	Model: 3079439885472, "Model::forearm.R", "LimbNode" {
		Version: 232
		Properties70:  {
			P: "RotationActive", "bool", "", "",1
			P: "InheritType", "enum", "", "",1
			P: "ScalingMax", "Vector3D", "Vector", "",0,0,0
			P: "DefaultAttributeIndex", "int", "Integer", "",0
			P: "Lcl Translation", "Lcl Translation", "", "A+",1.78813934326172e-07,0.197035565972328,0
			P: "Lcl Rotation", "Lcl Rotation", "", "A+",130.685043334961,14.5323181152344,-6.44764709472656
			P: "Lcl Scaling", "Lcl Scaling", "", "A+",0.999999821186066,0.999999821186066,0.999999821186066
		}
		Shading: Y
		Culling: "CullingOff"
	}
	Model: 3078974529216, "Model::hand.R", "LimbNode" {
		Version: 232
		Properties70:  {
			P: "RotationActive", "bool", "", "",1
			P: "InheritType", "enum", "", "",1
			P: "ScalingMax", "Vector3D", "Vector", "",0,0,0
			P: "DefaultAttributeIndex", "int", "Integer", "",0
			P: "Lcl Translation", "Lcl Translation", "", "A+",5.96046447753906e-08,0.242479652166367,1.49011611938477e-07
			P: "Lcl Rotation", "Lcl Rotation", "", "A+",17.4117584228516,-5.89363098144531,-13.2406463623047
			P: "Lcl Scaling", "Lcl Scaling", "", "A+",0.999999821186066,1,1.00000011920929
		}
		Shading: Y
		Culling: "CullingOff"
	}
	Model: 3078974535216, "Model::pelvis.L", "LimbNode" {
		Version: 232
		Properties70:  {
			P: "RotationActive", "bool", "", "",1
			P: "InheritType", "enum", "", "",1
			P: "ScalingMax", "Vector3D", "Vector", "",0,0,0
			P: "DefaultAttributeIndex", "int", "Integer", "",0
			P: "Lcl Translation", "Lcl Translation", "", "A+",0,0.00805620010942221,-0.0206966008991003
			P: "Lcl Rotation", "Lcl Rotation", "", "A+",117.19588470459,-75.9131393432617,-163.189834594727
			P: "Lcl Scaling", "Lcl Scaling", "", "A+",1.00000011920929,1.00000011920929,1
		}
		Shading: Y
		Culling: "CullingOff"
	}
	Model: 3079100708704, "Model::pelvis.R", "LimbNode" {
		Version: 232
		Properties70:  {
			P: "RotationActive", "bool", "", "",1
			P: "InheritType", "enum", "", "",1
			P: "ScalingMax", "Vector3D", "Vector", "",0,0,0
			P: "DefaultAttributeIndex", "int", "Integer", "",0
			P: "Lcl Translation", "Lcl Translation", "", "A+",0,0.00805620010942221,-0.0206966008991003
			P: "Lcl Rotation", "Lcl Rotation", "", "A+",117.195762634277,75.9132080078125,163.18977355957
			P: "Lcl Scaling", "Lcl Scaling", "", "A+",1.00000011920929,1,1
		}
		Shading: Y
		Culling: "CullingOff"
	}
	Model: 3079100696704, "Model::thigh.L", "LimbNode" {
		Version: 232
		Properties70:  {
			P: "RotationActive", "bool", "", "",1
			P: "InheritType", "enum", "", "",1
			P: "ScalingMax", "Vector3D", "Vector", "",0,0,0
			P: "DefaultAttributeIndex", "int", "Integer", "",0
			P: "Lcl Translation", "Lcl Translation", "", "A+",0.105214700102806,0.0975489020347595,-0.00724318623542786
			P: "Lcl Rotation", "Lcl Rotation", "", "A+",128.97639465332,7.69183349609375,-1.10861206054688
			P: "Lcl Scaling", "Lcl Scaling", "", "A+",1.00000011920929,1.00000011920929,1.00000584125519
		}
		Shading: Y
		Culling: "CullingOff"
	}
	Model: 3077454721248, "Model::shin.L", "LimbNode" {
		Version: 232
		Properties70:  {
			P: "RotationActive", "bool", "", "",1
			P: "InheritType", "enum", "", "",1
			P: "ScalingMax", "Vector3D", "Vector", "",0,0,0
			P: "DefaultAttributeIndex", "int", "Integer", "",0
			P: "Lcl Translation", "Lcl Translation", "", "A+",-2.98023223876953e-08,0.391098707914352,3.5017728805542e-07
			P: "Lcl Rotation", "Lcl Rotation", "", "A+",58.8263626098633,1.03535461425781,-1.88114929199219
			P: "Lcl Scaling", "Lcl Scaling", "", "A+",1,0.999999821186066,1
		}
		Shading: Y
		Culling: "CullingOff"
	}
	Model: 3078980480640, "Model::foot.L", "LimbNode" {
		Version: 232
		Properties70:  {
			P: "RotationActive", "bool", "", "",1
			P: "InheritType", "enum", "", "",1
			P: "ScalingMax", "Vector3D", "Vector", "",0,0,0
			P: "DefaultAttributeIndex", "int", "Integer", "",0
			P: "Lcl Translation", "Lcl Translation", "", "A+",2.98023223876953e-08,0.40767303109169,-3.57627868652344e-07
			P: "Lcl Rotation", "Lcl Rotation", "", "A+",-105.988166809082,7.95994281768799,1.66988348960876
			P: "Lcl Scaling", "Lcl Scaling", "", "A+",1,0.999999821186066,0.999999821186066
		}
		Shading: Y
		Culling: "CullingOff"
	}
	Model: 3078980486640, "Model::toe.L", "LimbNode" {
		Version: 232
		Properties70:  {
			P: "RotationActive", "bool", "", "",1
			P: "InheritType", "enum", "", "",1
			P: "ScalingMax", "Vector3D", "Vector", "",0,0,0
			P: "DefaultAttributeIndex", "int", "Integer", "",0
			P: "Lcl Translation", "Lcl Translation", "", "A+",-5.96046447753906e-08,0.13033589720726,-8.19563865661621e-08
			P: "Lcl Rotation", "Lcl Rotation", "", "A+",-141.940521240234,-0.0371856689453125,-177.988830566406
			P: "Lcl Scaling", "Lcl Scaling", "", "A+",0.999999821186066,0.999999821186066,1
		}
		Shading: Y
		Culling: "CullingOff"
	}
	Model: 3078980466640, "Model::thigh.R", "LimbNode" {
		Version: 232
		Properties70:  {
			P: "RotationActive", "bool", "", "",1
			P: "InheritType", "enum", "", "",1
			P: "ScalingMax", "Vector3D", "Vector", "",0,0,0
			P: "DefaultAttributeIndex", "int", "Integer", "",0
			P: "Lcl Translation", "Lcl Translation", "", "A+",-0.10521474480629,0.0975490212440491,-0.00724318623542786
			P: "Lcl Rotation", "Lcl Rotation", "", "A+",81.1057434082031,-8.51785182952881,8.37815856933594
			P: "Lcl Scaling", "Lcl Scaling", "", "A+",0.999999821186066,1,1.00000071525574
		}
		Shading: Y
		Culling: "CullingOff"
	}
	Model: 3078980488640, "Model::shin.R", "LimbNode" {
		Version: 232
		Properties70:  {
			P: "RotationActive", "bool", "", "",1
			P: "InheritType", "enum", "", "",1
			P: "ScalingMax", "Vector3D", "Vector", "",0,0,0
			P: "DefaultAttributeIndex", "int", "Integer", "",0
			P: "Lcl Translation", "Lcl Translation", "", "A+",2.60770320892334e-08,0.391098707914352,2.98023223876953e-07
			P: "Lcl Rotation", "Lcl Rotation", "", "A+",63.2735214233398,-1.08425223827362,1.80499041080475
			P: "Lcl Scaling", "Lcl Scaling", "", "A+",0.999999821186066,0.999999821186066,0.999999821186066
		}
		Shading: Y
		Culling: "CullingOff"
	}
	Model: 3078980468640, "Model::foot.R", "LimbNode" {
		Version: 232
		Properties70:  {
			P: "RotationActive", "bool", "", "",1
			P: "InheritType", "enum", "", "",1
			P: "ScalingMax", "Vector3D", "Vector", "",0,0,0
			P: "DefaultAttributeIndex", "int", "Integer", "",0
			P: "Lcl Translation", "Lcl Translation", "", "A+",-3.72529029846191e-08,0.407674580812454,1.19209289550781e-07
			P: "Lcl Rotation", "Lcl Rotation", "", "A+",-71.3588638305664,0.764462947845459,0.901163101196289
		}
		Shading: Y
		Culling: "CullingOff"
	}
	Model: 3078980478640, "Model::toe.R", "LimbNode" {
		Version: 232
		Properties70:  {
			P: "RotationActive", "bool", "", "",1
			P: "InheritType", "enum", "", "",1
			P: "ScalingMax", "Vector3D", "Vector", "",0,0,0
			P: "DefaultAttributeIndex", "int", "Integer", "",0
			P: "Lcl Translation", "Lcl Translation", "", "A+",0,0.130336493253708,-5.96046447753906e-08
			P: "Lcl Rotation", "Lcl Rotation", "", "A+",-150.941711425781,-0.293947488069534,177.805770874023
			P: "Lcl Scaling", "Lcl Scaling", "", "A+",0.999999821186066,0.999999701976776,1
		}
		Shading: Y
		Culling: "CullingOff"
	}
	Pose: 3079804229600, "Pose::BindPose", "BindPose" {
		Type: "BindPose"
		Version: 100
		NbPoseNodes: 25
		PoseNode:  {
			Node: 3079508887408
			Matrix: *16 {
				a: 99.9999999999965,0,2.6631610894334e-05,0,2.66316108943338e-05,1.33158054421881e-05,-99.9999999999956,0,-3.54621349281009e-12,99.9999999999991,1.33158054421876e-05,0,0,0,0,1
			} 
		}
		PoseNode:  {
			Node: 3078980478640
			Matrix: *16 {
				a: -0.999253448535566,0.0382866516663259,0.00513032807186048,0,0.0309778272148635,0.873580259288562,-0.485692607269265,0,-0.023077308002796,-0.485171317673164,-0.874114540756891,0,-6.93889390390723e-18,0.130336493253708,-5.96046447753906e-08,1
			} 
		}
		PoseNode:  {
			Node: 3078980468640
			Matrix: *16 {
				a: 0.999787315989392,0.0157262148592203,-0.0133419995851311,0,-0.0176676733723475,0.319401323652963,-0.947454826240462,0,-0.0106384258391945,0.947489039838951,0.319611237725971,0,-3.72529029846191e-08,0.407674580812454,1.19209289523026e-07,1
			} 
		}
		PoseNode:  {
			Node: 3078980488640
			Matrix: *16 {
				a: 0.999324681652796,0.0314921697898289,0.0189226386540366,0,-0.0310581938990767,0.448976238832111,0.893003565462122,0,0.019626808284334,-0.892988366429408,0.449651207260105,0,2.60770320684167e-08,0.391098707914352,2.98023223876953e-07,1
			} 
		}
		PoseNode:  {
			Node: 3078980466640
			Matrix: *16 {
				a: 0.978415250864011,0.144098705954492,0.148117528304782,0,-0.167302571723758,0.131639239577055,0.977077765634953,0,0.12129767129932,-0.980769107455413,0.152906060411158,0,-0.10521474480629,0.0975490212440491,-0.0072431862354278,1
			} 
		}
		PoseNode:  {
			Node: 3078980486640
			Matrix: *16 {
				a: -0.999383615420465,-0.0350943070091572,0.000649012196037344,0,-0.0280321088659747,0.786872011751132,-0.616478937488879,0,0.0211242191191756,-0.616117362899457,-0.787371044997481,0,-5.96046447753906e-08,0.13033589720726,-8.19563865800399e-08,1
			} 
		}
		PoseNode:  {
			Node: 3078980480640
			Matrix: *16 {
				a: 0.9899445341226,0.0288600708067978,-0.138480741165751,0,-0.12504103604396,-0.279201146186615,-0.952056249202376,0,-0.0661403924222845,0.959798655422657,-0.27278495543422,0,2.98023223876953e-08,0.40767303109169,-3.57627868652344e-07,1
			} 
		}
		PoseNode:  {
			Node: 3077454721248
			Matrix: *16 {
				a: 0.999297893843077,-0.0328209911913217,-0.0180693635197698,0,0.032443870319963,0.516846826960797,0.855462678970498,0,-0.0187380432012242,-0.855448446409477,0.517548878148337,0,-2.9802322470962e-08,0.391098707914352,3.5017728805542e-07,1
			} 
		}
		PoseNode:  {
			Node: 3079100696704
			Matrix: *16 {
				a: 0.990816904650258,-0.0191736403187287,-0.133844952817811,0,0.0918625588713532,-0.630895660870477,0.770410393096436,0,-0.0992143276156305,-0.775635326588666,-0.623344238673919,0,0.105214700102806,0.0975489020347595,-0.0072431862354278,1
			} 
		}
		PoseNode:  {
			Node: 3079100708704
			Matrix: *16 {
				a: -0.232990826899385,0.0703894564788083,-0.969928264056653,0,-0.693662744049069,0.686998135416585,0.216484547837604,0,0.681577057302798,0.723241928770754,-0.111237706855265,0,6.93889390390723e-18,0.00805620010942221,-0.0206966008991002,1
			} 
		}
		PoseNode:  {
			Node: 3078974535216
			Matrix: *16 {
				a: -0.232992014595565,-0.0703895444451905,0.969927972370161,0,0.693661858100815,0.686998944235832,0.216485370530137,0,-0.681577637112985,0.723241229714369,-0.111238699330437,0,6.93889390390723e-18,0.00805620010942221,-0.0206966008991002,1
			} 
		}
		PoseNode:  {
			Node: 3078974529216
			Matrix: *16 {
				a: 0.968271240353507,-0.227830782344561,0.102681946284195,0,0.188637159288343,0.935851253172155,0.297654924487623,0,-0.163910031271937,-0.268841152394608,0.949135488139689,0,5.96046447753906e-08,0.242479652166367,1.49011611938477e-07,1
			} 
		}
		PoseNode:  {
			Node: 3079439885472
			Matrix: *16 {
				a: 0.96188332810056,-0.108702543017258,-0.250926010281788,0,0.115869445469778,-0.669144374320823,0.734043404911102,0,-0.247698157241593,-0.735138902404531,-0.631043627210309,0,1.78813934326172e-07,0.197035565972328,1.11022302462516e-16,1
			} 
		}
		PoseNode:  {
			Node: 3079439875472
			Matrix: *16 {
				a: 0.117279125656952,0.544803985490108,0.830321544012558,0,0.175176168502956,0.811632604728226,-0.55728433041913,0,-0.977526761792404,0.210810365719454,-0.000249112526096329,0,0.00921779870986927,0.17876361310482,-0.0196846127510071,1
			} 
		}
		PoseNode:  {
			Node: 3078973748352
			Matrix: *16 {
				a: -0.0612324038661636,0.160073267320404,-0.985204111748495,0,-0.997360473124665,0.0287792706587578,0.0666639231330464,0,0.0390245631223435,0.986685513660351,0.157888506883561,0,-0.0271402895450592,0.190253794193268,0.00413644313812256,1
			} 
		}
		PoseNode:  {
			Node: 3078973762352
			Matrix: *16 {
				a: 0.671518810373151,-0.292798851396898,0.680684186908915,0,0.198987467417423,0.956132504130412,0.214975864589743,0,-0.713768962381126,-0.00891271438415109,0.700324263634955,0,-3.57627868652344e-07,0.242479711771011,3.42726707514007e-07,1
			} 
		}
		PoseNode:  {
			Node: 3078973750352
			Matrix: *16 {
				a: 0.960127319421554,0.0973861640100989,0.262051727588166,0,-0.103807728757078,-0.746152689777489,0.657631934565436,0,0.259574945669843,-0.658613616696682,-0.706292398006813,0,1.78813934326172e-07,0.197036027908325,9.68575477600098e-08,1
			} 
		}
		PoseNode:  {
			Node: 3078973760352
			Matrix: *16 {
				a: 0.423275527892371,-0.844640828879806,-0.327749443442196,0,0.62022324835931,0.53383675516397,-0.574753062978174,0,0.660424602909071,0.0400010816801687,0.749825912935113,0,-0.00921785831451416,0.178763553500175,-0.0196847319602966,1
			} 
		}
		PoseNode:  {
			Node: 3079508897408
			Matrix: *16 {
				a: -0.136801624432966,-0.127608136303247,0.982344706034433,0,0.990301806804288,0.00664281175073577,0.13877264451026,0,-0.0242340538257324,0.991802237834448,0.125461842940056,0,0.0271404534578323,0.190253734588623,0.00413638353347789,1
			} 
		}
		PoseNode:  {
			Node: 3079508899408
			Matrix: *16 {
				a: 0.997695984577165,0.0325495619486324,0.0595251911005269,0,0.0190591228664308,0.707585771937241,-0.706370134957378,0,-0.065111228403832,0.705877271423731,0.705335243429061,0,5.21540641784668e-08,0.117625653743744,-1.78813934437194e-07,1
			} 
		}
		PoseNode:  {
			Node: 3079508895408
			Matrix: *16 {
				a: 0.999512619213654,-0.0199101747131827,0.0240438968462287,0,0.0152061496769228,0.98317709618637,0.18202079701655,0,-0.0272634696772228,-0.181566436016494,0.983000495882678,0,7.45058059692383e-08,0.184119999408722,-1.19209289661804e-07,1
			} 
		}
		PoseNode:  {
			Node: 3079508901408
			Matrix: *16 {
				a: 0.999136400277042,0.0395698759308247,0.0126759047114883,0,-0.0414808557312093,0.967579064625186,0.249137983212156,0,-0.00240658093865898,-0.249448635093475,0.968384855927823,0,-1.49011612216032e-08,0.135405361652374,5.96046447753906e-08,1
			} 
		}
		PoseNode:  {
			Node: 3079508893408
			Matrix: *16 {
				a: 1,-1.2490009027033e-16,1.31838984174237e-16,0,1.38777878078145e-16,0.975782354386119,-0.218743678465648,0,-9.71445146547012e-17,0.218743678465648,0.975782354386119,0,-1.38777878078145e-17,0.126452401280403,1.11022302462516e-16,1
			} 
		}
		PoseNode:  {
			Node: 3079508905408
			Matrix: *16 {
				a: 0.997695716070997,0.0645362361619077,0.0209363883139819,0,-0.0677252184995423,0.928795027186289,0.364352486783571,0,0.00406832599243071,-0.364930945434823,0.931025827894296,0,0,0.156536340713501,2.98023223876953e-08,1
			} 
		}
		PoseNode:  {
			Node: 3079508889408
			Matrix: *16 {
				a: 0.989428596211896,0.140500577398,0.0359254888482286,0,0.0741378356941989,-0.702959296021768,0.7073555042941,0,0.124638013128963,-0.697214325647005,-0.705944438178994,0,0.0230375006794929,0.0672221854329109,0.643493354320526,1
			} 
		}
	}
	AnimationStack: 3078558073600, "AnimStack::jab-low-followthrough", "" {
	}
	AnimationCurve: 3079804906624, "AnimCurve::", "" {
		Default: 0
		KeyVer: 4009
		KeyTime: *3 {
			a: 0,6158154400,18474463200
		} 
		KeyValueFloat: *3 {
			a: 0,0,0
		} 
		;KeyAttrFlags: Cubic|TangeantAuto|GenericTimeIndependent, Cubic|TangeantAuto|GenericTimeIndependent, Cubic|TangeantAuto|GenericTimeIndependent
		KeyAttrFlags: *3 {
			a: 8456,8456,8456
		} 
		;KeyAttrDataFloat: RightAuto:0, NextLeftAuto:0; RightAuto:0, NextLeftAuto:0; RightAuto:0, NextLeftAuto:0
		KeyAttrDataFloat: *12 {
			a: 0,0,218434821,0,0,0,218434821,0,0,0,218434821,0
		} 
		KeyAttrRefCount: *3 {
			a: 1,1,1
		} 
	}
	AnimationCurve: 3079804911424, "AnimCurve::", "" {
		Default: 0
		KeyVer: 4009
		KeyTime: *3 {
			a: 0,6158154400,18474463200
		} 
		KeyValueFloat: *3 {
			a: 0,0,0
		} 
		;KeyAttrFlags: Cubic|TangeantAuto|GenericTimeIndependent, Cubic|TangeantAuto|GenericTimeIndependent, Cubic|TangeantAuto|GenericTimeIndependent
		KeyAttrFlags: *3 {
			a: 8456,8456,8456
		} 
		;KeyAttrDataFloat: RightAuto:0, NextLeftAuto:0; RightAuto:0, NextLeftAuto:0; RightAuto:0, NextLeftAuto:0
		KeyAttrDataFloat: *12 {
			a: 0,0,218434821,0,0,0,218434821,0,0,0,218434821,0
		} 
		KeyAttrRefCount: *3 {
			a: 1,1,1
		} 
	}
	AnimationCurve: 3079804905504, "AnimCurve::", "" {
		Default: 0
		KeyVer: 4009
		KeyTime: *3 {
			a: 0,6158154400,18474463200
		} 
		KeyValueFloat: *3 {
			a: 0,0,0
		} 
		;KeyAttrFlags: Cubic|TangeantAuto|GenericTimeIndependent, Cubic|TangeantAuto|GenericTimeIndependent, Cubic|TangeantAuto|GenericTimeIndependent
		KeyAttrFlags: *3 {
			a: 8456,8456,8456
		} 
		;KeyAttrDataFloat: RightAuto:0, NextLeftAuto:0; RightAuto:0, NextLeftAuto:0; RightAuto:0, NextLeftAuto:0
		KeyAttrDataFloat: *12 {
			a: 0,0,218434821,0,0,0,218434821,0,0,0,218434821,0
		} 
		KeyAttrRefCount: *3 {
			a: 1,1,1
		} 
	}
	AnimationCurve: 3079804909664, "AnimCurve::", "" {
		Default: -89.9999847412109
		KeyVer: 4009
		KeyTime: *3 {
			a: 0,6158154400,18474463200
		} 
		KeyValueFloat: *3 {
			a: -89.99998,-89.99998,-89.99998
		} 
		;KeyAttrFlags: Cubic|TangeantAuto|GenericTimeIndependent, Cubic|TangeantAuto|GenericTimeIndependent, Cubic|TangeantAuto|GenericTimeIndependent
		KeyAttrFlags: *3 {
			a: 8456,8456,8456
		} 
		;KeyAttrDataFloat: RightAuto:0, NextLeftAuto:0; RightAuto:0, NextLeftAuto:0; RightAuto:0, NextLeftAuto:0
		KeyAttrDataFloat: *12 {
			a: 0,0,218434821,0,0,0,218434821,0,0,0,218434821,0
		} 
		KeyAttrRefCount: *3 {
			a: 1,1,1
		} 
	}
	AnimationCurve: 3079804909824, "AnimCurve::", "" {
		Default: 89.9999847412109
		KeyVer: 4009
		KeyTime: *3 {
			a: 0,6158154400,18474463200
		} 
		KeyValueFloat: *3 {
			a: 89.99998,89.99998,89.99998
		} 
		;KeyAttrFlags: Cubic|TangeantAuto|GenericTimeIndependent, Cubic|TangeantAuto|GenericTimeIndependent, Cubic|TangeantAuto|GenericTimeIndependent
		KeyAttrFlags: *3 {
			a: 8456,8456,8456
		} 
		;KeyAttrDataFloat: RightAuto:0, NextLeftAuto:0; RightAuto:0, NextLeftAuto:0; RightAuto:0, NextLeftAuto:0
		KeyAttrDataFloat: *12 {
			a: 0,0,218434821,0,0,0,218434821,0,0,0,218434821,0
		} 
		KeyAttrRefCount: *3 {
			a: 1,1,1
		} 
	}
	AnimationCurve: 3079804907744, "AnimCurve::", "" {
		Default: 0
		KeyVer: 4009
		KeyTime: *3 {
			a: 0,6158154400,18474463200
		} 
		KeyValueFloat: *3 {
			a: 0,0,0
		} 
		;KeyAttrFlags: Cubic|TangeantAuto|GenericTimeIndependent, Cubic|TangeantAuto|GenericTimeIndependent, Cubic|TangeantAuto|GenericTimeIndependent
		KeyAttrFlags: *3 {
			a: 8456,8456,8456
		} 
		;KeyAttrDataFloat: RightAuto:0, NextLeftAuto:0; RightAuto:0, NextLeftAuto:0; RightAuto:0, NextLeftAuto:0
		KeyAttrDataFloat: *12 {
			a: 0,0,218434821,0,0,0,218434821,0,0,0,218434821,0
		} 
		KeyAttrRefCount: *3 {
			a: 1,1,1
		} 
	}
	AnimationCurve: 3079804903744, "AnimCurve::", "" {
		Default: 100
		KeyVer: 4009
		KeyTime: *3 {
			a: 0,6158154400,18474463200
		} 
		KeyValueFloat: *3 {
			a: 100,100,100
		} 
		;KeyAttrFlags: Cubic|TangeantAuto|GenericTimeIndependent, Cubic|TangeantAuto|GenericTimeIndependent, Cubic|TangeantAuto|GenericTimeIndependent
		KeyAttrFlags: *3 {
			a: 8456,8456,8456
		} 
		;KeyAttrDataFloat: RightAuto:0, NextLeftAuto:0; RightAuto:0, NextLeftAuto:0; RightAuto:0, NextLeftAuto:0
		KeyAttrDataFloat: *12 {
			a: 0,0,218434821,0,0,0,218434821,0,0,0,218434821,0
		} 
		KeyAttrRefCount: *3 {
			a: 1,1,1
		} 
	}
	AnimationCurve: 3079804904064, "AnimCurve::", "" {
		Default: 100
		KeyVer: 4009
		KeyTime: *3 {
			a: 0,6158154400,18474463200
		} 
		KeyValueFloat: *3 {
			a: 100,100,100
		} 
		;KeyAttrFlags: Cubic|TangeantAuto|GenericTimeIndependent, Cubic|TangeantAuto|GenericTimeIndependent, Cubic|TangeantAuto|GenericTimeIndependent
		KeyAttrFlags: *3 {
			a: 8456,8456,8456
		} 
		;KeyAttrDataFloat: RightAuto:0, NextLeftAuto:0; RightAuto:0, NextLeftAuto:0; RightAuto:0, NextLeftAuto:0
		KeyAttrDataFloat: *12 {
			a: 0,0,218434821,0,0,0,218434821,0,0,0,218434821,0
		} 
		KeyAttrRefCount: *3 {
			a: 1,1,1
		} 
	}
	AnimationCurve: 3079804908384, "AnimCurve::", "" {
		Default: 100
		KeyVer: 4009
		KeyTime: *3 {
			a: 0,6158154400,18474463200
		} 
		KeyValueFloat: *3 {
			a: 100,100,100
		} 
